2.59	5.71	88.57
7.03	6.06	96.97
7.48	9.09	100.00
1.02	9.38	93.75
1.82	50.00	50.00
1.13	8.33	100.00
3.80	6.78	84.75
3.41	20.00	50.00
6.94	6.67	80.00
1.62	6.67	73.33
8.21	7.69	93.41
0.97	7.14	100.00
2.34	8.04	86.93
7.87	9.52	97.62
8.32	10.00	90.00
4.55	13.41	92.68
4.76	12.61	87.39
4.71	0.00	100.00
5.11	0.00	100.00
3.53	50.00	100.00
5.44	21.05	100.00
1.98	10.42	89.96
6.50	16.67	100.00
4.94	7.07	84.85
3.61	6.25	87.50
1.12	13.64	97.73
1.99	8.97	92.31
6.67	22.22	94.44
5.33	11.76	100.00
0.06	6.38	85.11
2.72	9.52	90.48
6.60	0.00	83.33
6.52	4.76	95.24
6.06	5.41	81.08
3.34	12.24	93.88
0.17	50.00	100.00
3.95	6.33	92.41
1.18	9.88	88.89
8.55	7.39	86.09
7.57	11.54	96.15
7.19	8.33	91.67
1.63	50.00	100.00
7.70	0.00	100.00
0.09	25.00	100.00
1.48	13.16	92.11
3.27	26.67	86.67
1.17	7.87	88.76
2.79	5.26	84.21
7.94	37.50	87.50
3.96	26.09	95.65
8.61	20.00	90.00
6.82	5.13	84.62
4.78	0.00	0.00
5.14	12.50	93.75
5.18	13.04	91.30
3.74	12.50	100.00
0.65	0.00	100.00
6.04	6.45	90.32
1.69	10.71	92.86
3.17	5.00	100.00
7.85	11.76	100.00
5.17	5.56	91.67
8.78	33.33	100.00
3.71	8.33	82.29
8.70	20.00	100.00
3.95	10.87	84.78
8.53	4.65	81.40
0.28	16.67	100.00
0.26	0.00	0.00
0.92	13.04	95.65
2.46	6.76	82.43
6.22	0.00	80.00
4.79	7.78	91.83
8.01	12.50	95.83
6.77	0.00	88.89
1.23	6.32	90.53
5.72	11.66	78.53
6.68	11.32	96.23
0.33	11.76	94.12
2.01	5.88	100.00
3.65	5.13	84.62
3.43	5.38	90.32
5.45	4.17	87.50
7.92	50.00	100.00
2.79	0.00	84.62
2.32	25.00	100.00
4.58	8.96	84.33
8.29	6.25	93.75
5.31	6.62	91.18
2.72	8.11	78.38
6.67	8.20	85.25
0.38	15.38	88.46
2.31	10.17	93.22
3.67	0.00	83.33
3.11	4.55	85.35
2.26	6.06	84.85
4.79	0.00	0.00
2.12	0.00	100.00
1.29	14.81	94.44
3.12	13.04	91.30
5.95	5.88	70.59
0.13	14.29	100.00
5.72	6.67	90.00
7.02	4.41	83.82
5.29	27.27	90.91
6.49	0.00	100.00
8.61	14.29	85.71
0.28	11.49	89.86
1.51	13.08	88.79
8.67	11.96	90.22
4.06	8.70	93.48
8.12	10.81	97.30
0.09	12.50	100.00
0.92	6.67	100.00
3.64	8.22	95.89
8.98	12.50	100.00
5.26	7.35	91.43
1.59	11.54	92.31
4.71	10.00	90.00
3.76	9.09	100.00
8.17	7.69	92.31
6.07	12.24	85.71
5.24	0.00	100.00
2.75	8.93	96.43
4.33	11.76	91.18
7.57	22.22	77.78
6.57	14.29	80.00
0.83	7.69	92.31
6.46	5.26	83.16
2.45	33.33	77.78
8.05	10.00	90.00
1.70	7.37	86.32
0.26	11.90	66.67
0.82	0.00	0.00
5.99	5.26	94.30
0.90	7.30	92.70
0.92	23.81	100.00
5.87	5.88	94.12
0.94	23.53	94.12
0.48	10.08	92.34
8.64	7.14	85.71
4.33	20.00	100.00
8.14	12.50	93.75
1.26	9.52	95.24
5.10	11.11	94.44
3.94	0.00	88.89
1.38	10.00	95.00
0.38	0.00	100.00
3.11	0.00	50.00
4.99	20.00	100.00
0.86	7.23	92.77
1.05	14.29	77.14
4.95	11.11	88.89
4.27	0.00	100.00
7.76	11.11	88.89
4.68	10.91	83.64
5.70	9.09	68.18
3.24	0.00	66.67
3.07	12.50	87.50
2.07	0.00	100.00
1.71	17.24	89.66
1.40	14.00	91.60
7.27	9.09	90.91
2.97	12.20	87.20
1.41	10.00	90.00
6.61	15.79	73.68
5.04	20.00	80.00
0.51	20.00	80.00
4.70	5.88	94.12
1.11	5.21	92.71
3.71	28.57	64.29
6.74	10.71	96.43
4.66	10.45	98.51
5.41	10.87	93.48
5.13	14.71	100.00
5.30	19.05	85.71
4.97	11.11	77.78
0.07	6.85	91.78
5.04	13.33	86.67
0.81	12.82	82.05
0.25	0.00	100.00
8.66	14.29	78.57
3.86	17.07	92.68
3.86	0.00	100.00
2.50	15.38	69.23
8.46	7.14	92.86
4.47	19.05	100.00
6.97	8.33	83.33
3.56	9.09	92.73
5.04	16.67	83.33
0.28	9.09	95.45
8.49	0.00	71.43
8.02	10.81	86.49
8.03	10.26	87.18
5.71	23.08	88.46
4.05	7.14	78.57
3.58	14.81	92.59
3.53	5.88	94.12
6.91	20.00	70.00
1.78	50.00	100.00
2.13	33.33	91.67
6.91	22.73	95.45
0.46	0.00	100.00
0.29	33.33	100.00
5.29	6.11	93.33
0.16	3.57	89.29
2.14	9.49	89.05
6.00	12.50	87.50
7.14	4.35	95.65
2.99	11.76	94.12
3.90	16.67	100.00
5.21	7.69	92.31
5.63	0.00	84.62
4.80	10.24	92.91
4.00	0.00	93.33
6.09	0.00	100.00
3.51	8.70	95.65
1.64	15.00	87.50
7.91	0.00	91.67
2.17	28.57	100.00
2.58	13.64	83.33
4.08	9.09	90.91
3.44	13.33	90.00
6.10	9.00	93.00
2.76	12.50	95.83
3.75	11.54	93.59
2.49	0.00	85.71
3.68	11.04	80.37
1.11	7.41	96.30
0.40	11.97	91.45
7.48	8.91	94.06
2.55	21.21	87.88
2.35	20.00	100.00
0.47	6.67	86.67
3.58	8.33	66.67
8.23	16.67	79.17
4.34	37.50	87.50
4.75	13.79	75.86
1.80	30.00	90.00
0.12	11.57	83.47
5.80	0.00	100.00
4.09	10.20	87.76
7.69	16.67	83.33
1.40	1.61	82.26
4.08	33.33	80.95
7.25	11.76	100.00
0.64	13.93	90.98
1.60	10.17	84.75
6.73	0.00	90.00
2.04	16.67	83.33
7.51	5.41	86.49
3.75	25.00	87.50
2.47	20.69	86.21
1.10	0.00	0.00
4.88	12.50	62.50
6.89	20.00	80.00
7.12	11.11	77.78
1.20	40.00	100.00
4.09	8.77	89.47
3.93	20.00	100.00
8.32	7.32	92.68
3.51	11.76	94.12
6.21	50.00	100.00
6.65	0.00	75.00
7.21	5.88	90.20
4.51	14.04	94.74
0.13	20.00	93.33
8.54	8.00	96.00
7.32	20.00	100.00
6.95	18.18	90.91
3.47	0.00	84.38
4.86	10.00	80.00
3.78	21.43	92.86
6.00	0.00	87.50
1.71	12.12	90.91
3.12	13.04	91.30
4.76	33.33	100.00
6.92	20.59	91.18
0.12	3.64	96.36
8.19	5.00	100.00
0.75	11.11	100.00
2.11	12.07	87.93
3.82	14.29	80.95
4.06	7.32	93.90
8.64	18.18	90.91
3.69	15.63	78.13
8.48	3.85	94.23
2.99	3.57	83.93
4.62	8.70	86.96
7.57	18.18	90.91
4.57	20.00	100.00
7.22	0.00	71.43
1.34	8.37	85.22
4.46	4.35	100.00
7.08	12.90	87.10
0.16	33.33	66.67
4.90	9.09	72.73
1.47	25.00	75.00
8.28	9.13	87.67
8.42	50.00	100.00
0.40	8.33	75.00
4.35	6.90	93.10
8.24	0.00	75.00
5.47	12.50	75.00
5.64	50.00	100.00
2.68	16.67	83.33
0.29	12.00	82.00
8.78	0.00	50.00
8.51	10.53	78.95
2.15	0.00	100.00
4.39	14.29	96.43
7.83	6.67	93.33
2.95	0.00	100.00
2.44	6.52	82.61
6.80	5.63	92.96
2.41	7.14	100.00
0.68	11.94	88.06
7.91	0.00	94.74
5.04	7.69	100.00
8.49	9.09	90.91
0.13	6.96	88.64
4.28	6.90	93.10
2.85	50.00	100.00
5.94	9.92	74.05
0.21	25.00	100.00
5.24	16.67	100.00
1.27	5.88	94.12
0.31	8.22	82.19
7.76	10.97	80.00
6.76	10.00	100.00
2.82	14.29	92.86
5.32	8.44	90.26
5.65	7.14	91.07
5.86	12.24	89.80
6.91	15.38	92.31
0.55	11.11	88.89
4.93	12.90	87.10
5.78	6.45	93.55
7.16	9.09	95.45
4.51	10.53	94.74
2.29	0.00	85.71
2.85	15.38	92.31
3.86	28.57	85.71
6.52	16.98	96.23
7.31	14.04	87.72
1.98	7.69	84.62
6.05	0.00	100.00
5.27	10.34	93.10
6.96	14.29	100.00
1.46	33.33	66.67
5.08	13.33	86.67
6.65	0.00	0.00
6.36	14.29	85.71
6.48	16.67	100.00
8.21	17.39	100.00
3.69	9.20	89.66
0.64	12.15	91.59
8.19	6.25	83.33
0.13	6.58	92.11
3.10	9.09	90.91
8.79	13.04	82.61
6.93	0.00	73.33
1.54	25.00	100.00
4.96	6.12	91.84
1.53	10.71	96.43
2.56	8.70	100.00
1.66	18.18	77.27
5.53	11.11	77.78
1.46	3.33	90.00
3.12	11.76	95.59
5.21	5.56	88.89
5.52	42.86	71.43
1.87	4.26	91.49
5.09	18.75	100.00
7.27	13.33	80.00
7.47	5.56	88.89
3.11	8.82	67.65
5.42	12.50	87.50
8.23	0.00	50.00
6.61	11.11	100.00
0.65	7.89	92.11
5.61	8.70	91.30
0.90	20.00	80.00
7.42	6.37	87.90
6.09	9.09	100.00
4.78	20.00	100.00
2.26	4.35	91.30
0.04	12.71	89.83
4.36	8.28	89.66
7.37	6.25	100.00
4.47	0.00	80.00
2.91	13.51	48.65
0.19	12.50	100.00
0.54	14.06	71.88
5.52	8.51	93.62
0.49	60.00	100.00
8.72	0.00	100.00
4.73	25.00	90.00
0.10	28.57	71.43
3.05	6.67	93.33
1.03	18.75	93.75
2.32	3.03	90.91
2.02	20.00	90.00
5.61	7.97	91.30
0.85	17.86	85.71
5.71	10.00	60.00
5.86	33.33	100.00
7.54	20.00	100.00
6.40	0.00	100.00
4.95	5.88	97.06
6.51	0.00	87.50
8.10	12.28	87.72
0.46	14.29	85.71
4.23	9.09	63.64
0.87	0.00	100.00
4.86	12.25	88.14
3.82	18.18	100.00
7.80	33.33	100.00
0.83	18.75	81.25
6.79	14.29	85.71
0.90	0.00	92.31
5.89	33.33	100.00
2.49	16.67	100.00
2.91	13.46	92.31
1.83	8.11	94.59
3.10	16.67	88.89
4.80	14.89	91.49
1.55	6.67	80.00
7.58	11.76	88.24
1.07	7.14	78.57
1.78	5.13	97.44
1.10	13.56	88.14
2.95	23.81	85.71
3.23	9.38	87.50
4.03	6.67	93.33
6.47	6.67	100.00
6.97	5.26	73.68
6.13	50.00	100.00
1.72	20.00	84.00
0.57	14.29	100.00
0.64	15.38	88.46
8.06	22.22	88.89
7.07	9.43	92.45
6.52	15.38	80.77
7.36	10.53	94.74
1.84	33.33	100.00
5.30	0.00	80.00
6.10	0.00	80.00
7.90	12.50	100.00
5.95	19.05	80.95
2.72	6.67	80.00
3.92	6.45	87.10
3.52	13.33	96.67
0.17	33.33	100.00
8.13	10.87	97.83
3.77	0.00	100.00
2.30	14.29	85.71
2.92	0.00	75.00
3.59	3.23	93.55
4.48	30.00	100.00
6.91	12.50	83.33
6.71	29.03	90.32
2.46	11.11	83.33
8.57	15.38	92.31
3.74	4.35	82.61
6.36	18.18	100.00
4.94	12.50	90.63
6.55	5.77	88.46
8.74	5.13	79.49
7.71	7.55	88.68
4.83	5.26	89.47
4.78	25.00	75.00
1.45	13.64	90.91
5.60	20.00	90.00
3.15	16.28	86.05
3.54	10.34	87.59
1.97	21.88	96.88
4.69	4.76	85.71
3.68	50.00	100.00
2.63	6.25	100.00
4.86	8.82	94.12
5.02	25.00	100.00
6.34	12.50	95.83
7.16	0.00	0.00
6.31	16.00	92.00
3.14	4.76	92.86
4.71	4.76	92.86
7.36	0.00	83.33
1.68	12.90	96.77
0.01	3.70	88.89
3.83	14.29	85.71
2.80	25.00	66.67
5.61	9.68	90.32
4.47	14.08	88.73
6.07	0.00	100.00
1.88	17.24	96.55
3.37	4.35	95.65
8.05	16.67	83.33
2.32	0.00	25.00
5.52	6.90	82.76
3.55	3.57	85.71
4.15	0.00	78.26
6.06	8.08	92.93
3.80	40.00	100.00
0.01	50.00	100.00
7.19	0.00	100.00
4.92	10.98	92.68
2.16	16.67	100.00
8.82	10.00	95.00
7.68	12.50	89.58
5.45	12.50	93.75
2.40	14.29	100.00
8.64	12.50	100.00
5.31	10.00	85.00
8.96	5.00	90.00
6.29	7.79	81.82
0.87	0.00	66.67
8.61	4.55	89.39
7.43	25.00	100.00
5.46	10.00	100.00
3.68	9.09	87.88
8.95	8.66	89.76
5.39	10.33	84.24
8.78	33.33	100.00
8.58	0.00	100.00
8.70	3.57	82.14
0.83	20.00	80.00
7.34	9.09	95.45
6.73	10.00	70.00
5.90	27.27	100.00
4.48	10.00	90.00
5.30	8.33	91.67
8.47	5.26	94.74
5.14	12.50	87.50
1.54	9.52	90.48
6.66	20.00	88.00
1.69	33.33	100.00
1.33	0.00	0.00
4.12	4.40	90.11
0.57	10.38	91.98
5.63	17.65	94.12
8.07	11.11	100.00
8.76	8.33	91.67
1.88	40.00	100.00
8.47	16.67	83.33
3.62	0.00	88.89
1.06	10.00	70.00
4.67	8.20	91.80
3.93	20.00	100.00
7.44	16.67	94.44
4.48	22.22	94.44
6.80	31.25	100.00
0.63	11.11	66.67
6.40	11.11	88.89
5.41	14.86	89.19
7.86	16.67	91.67
5.19	0.00	100.00
7.53	10.00	90.00
5.44	15.00	85.00
7.06	33.33	100.00
5.60	4.00	84.00
6.33	0.00	88.89
3.34	0.00	100.00
0.51	11.32	92.45
7.29	25.00	75.00
0.04	13.64	81.82
5.01	6.25	75.00
0.06	6.67	93.33
5.81	13.08	91.59
0.47	28.57	100.00
2.76	16.67	66.67
6.38	10.38	91.98
3.00	10.10	92.31
0.39	4.00	92.00
2.44	12.50	100.00
4.64	12.77	82.98
2.50	50.00	100.00
2.13	20.00	100.00
7.86	0.00	100.00
0.87	16.36	92.73
3.00	50.00	50.00
3.74	8.00	84.00
1.60	5.19	84.42
0.77	17.07	85.37
5.86	15.79	89.47
8.35	10.53	94.74
5.87	0.00	0.00
7.98	12.24	85.71
3.16	8.70	97.83
7.79	8.70	97.83
7.37	8.33	91.67
0.64	8.82	91.18
0.70	18.18	90.91
8.60	21.05	73.68
3.49	11.11	80.00
5.23	0.00	92.86
4.38	11.90	83.33
5.87	6.67	93.33
7.57	0.00	87.50
7.99	13.33	86.67
7.50	15.38	92.31
2.34	25.00	87.50
6.98	50.00	100.00
6.14	22.22	88.89
1.63	6.98	74.42
3.51	8.11	81.08
2.49	7.69	92.31
0.00	0.00	100.00
0.28	50.00	50.00
1.60	20.69	100.00
2.37	7.89	94.74
6.71	17.39	69.57
8.15	0.00	0.00
5.21	17.65	88.24
8.06	15.38	100.00
5.94	44.44	77.78
2.56	0.00	100.00
4.94	3.85	92.31
6.34	11.54	84.62
6.57	25.00	100.00
6.18	6.45	88.71
8.45	15.38	88.46
7.72	0.00	75.00
3.70	21.43	92.86
4.90	7.55	84.91
1.89	17.39	89.13
6.42	10.00	90.00
2.46	7.14	85.71
8.30	31.82	90.91
6.51	0.00	93.33
6.73	25.00	62.50
7.41	50.00	100.00
7.76	23.08	84.62
6.69	0.00	100.00
8.59	0.00	85.71
8.04	22.22	88.89
4.13	16.67	100.00
8.04	25.00	100.00
1.62	18.75	93.75
7.57	8.82	90.20
0.87	0.00	25.00
1.76	14.29	71.43
2.19	0.00	75.00
8.52	8.11	86.49
1.70	0.00	0.00
8.19	0.00	92.59
1.27	4.35	100.00
2.67	8.57	94.29
4.96	20.00	80.00
7.40	8.57	94.29
7.30	9.68	90.32
3.99	9.17	91.74
2.74	6.25	87.50
8.46	8.62	86.21
0.38	12.50	95.83
0.15	0.00	66.67
2.83	25.00	100.00
3.78	17.86	85.71
7.36	0.00	100.00
3.32	13.79	93.10
5.09	16.67	83.33
7.26	14.29	82.14
3.29	14.29	71.43
5.47	12.50	100.00
5.06	8.11	86.49
5.32	11.88	84.16
3.06	0.00	83.33
8.05	0.00	84.62
1.56	25.00	100.00
0.92	17.78	86.67
4.60	8.82	92.65
5.81	0.00	0.00
0.74	4.71	75.29
3.67	33.33	100.00
0.49	5.97	88.06
2.15	11.11	77.78
6.18	20.00	80.00
7.32	8.97	88.46
8.33	50.00	100.00
8.09	7.14	92.86
0.48	6.90	94.83
8.19	12.50	93.75
7.23	3.85	88.46
2.47	0.00	50.00
7.40	5.63	88.73
8.52	9.09	100.00
4.33	25.00	100.00
0.05	50.00	100.00
4.91	4.88	90.24
4.85	12.50	87.50
4.94	17.65	94.12
8.54	11.11	100.00
6.55	10.53	91.23
5.13	33.33	100.00
2.49	50.00	100.00
2.26	14.29	85.71
5.28	10.08	89.15
8.21	8.11	83.78
4.74	12.21	84.88
3.67	16.00	84.00
8.18	10.53	88.42
8.08	5.00	70.00
5.70	17.86	71.43
2.28	10.53	89.47
0.23	12.94	90.00
0.02	10.00	94.00
4.28	16.33	85.71
0.20	8.33	75.00
5.99	6.25	87.50
8.15	14.29	57.14
8.14	20.00	90.00
3.66	0.00	100.00
7.89	0.00	100.00
7.47	7.89	84.21
6.77	11.11	83.33
1.96	2.17	80.43
1.33	25.00	75.00
2.62	3.45	96.55
1.10	22.58	90.32
5.56	50.00	100.00
2.80	14.29	90.48
7.92	0.00	100.00
1.96	0.00	50.00
0.35	66.67	100.00
0.22	20.00	80.00
6.31	7.14	89.29
2.89	13.64	95.45
0.54	33.33	75.00
6.38	9.09	100.00
5.90	9.52	66.67
8.92	7.19	86.33
2.60	16.67	91.67
0.79	0.00	100.00
0.18	12.50	100.00
4.80	0.00	50.00
6.43	7.48	72.79
1.79	0.00	100.00
4.06	12.00	86.00
6.72	0.00	100.00
2.41	11.11	100.00
4.73	21.43	92.86
4.81	0.00	0.00
2.01	0.00	100.00
8.98	0.00	90.00
8.57	5.00	62.50
8.96	50.00	100.00
3.54	12.50	75.00
3.38	33.33	100.00
2.95	0.00	92.31
5.94	9.26	90.74
6.73	0.00	100.00
4.97	10.00	100.00
0.24	7.41	92.59
8.34	11.11	100.00
1.16	50.00	100.00
5.64	12.50	100.00
6.84	20.00	100.00
8.37	14.29	85.71
5.06	19.05	100.00
5.31	6.45	93.55
4.75	15.56	91.11
5.80	12.00	92.00
3.10	50.00	100.00
0.09	13.33	86.67
6.69	33.33	66.67
6.39	28.57	85.71
2.45	10.53	57.89
4.92	0.00	100.00
3.75	4.17	83.33
3.21	25.00	75.00
4.89	0.00	100.00
0.39	12.50	91.67
3.55	15.38	76.92
7.30	15.38	76.92
0.30	0.00	66.67
1.58	25.00	66.67
8.51	50.00	100.00
0.13	3.23	80.65
7.85	12.07	84.48
2.23	11.11	66.67
1.77	23.08	69.23
8.92	25.00	100.00
1.08	9.68	93.55
1.06	4.17	87.50
1.45	11.11	77.78
2.73	50.00	100.00
2.18	20.00	82.22
0.36	0.00	100.00
4.76	14.29	57.14
1.20	10.00	100.00
0.72	11.30	88.14
1.12	9.15	86.62
7.46	9.30	83.72
3.65	14.29	85.71
5.94	8.82	91.18
8.00	8.33	94.05
1.18	12.50	75.00
0.86	0.00	100.00
0.87	14.29	85.71
4.51	8.81	83.42
1.79	8.81	83.42
4.10	8.81	83.42
2.77	8.00	82.00
3.15	5.36	80.36
1.74	10.00	100.00
8.85	12.82	82.05
3.74	16.67	83.33
6.49	14.29	100.00
8.38	10.34	79.31
4.78	0.00	100.00
0.86	0.00	100.00
3.37	30.00	60.00
1.89	11.11	77.78
6.39	0.00	100.00
6.30	7.69	94.87
5.25	25.00	75.00
3.64	4.44	92.22
0.64	25.00	100.00
0.05	11.11	100.00
3.00	11.76	82.35
5.32	20.00	100.00
0.17	15.07	71.23
3.56	14.89	91.49
6.77	25.00	87.50
7.51	4.35	86.96
7.98	6.25	81.25
3.33	0.00	0.00
2.77	10.00	90.00
8.34	8.89	86.67
4.97	7.46	88.06
2.97	10.53	92.11
7.93	5.48	91.78
6.85	16.67	94.44
4.52	0.00	100.00
6.06	8.70	91.30
4.17	0.00	0.00
5.90	5.26	100.00
7.55	0.00	88.89
6.34	9.52	80.95
6.02	5.26	94.74
3.59	27.27	95.45
6.47	9.09	84.09
8.49	0.00	75.00
6.79	9.09	72.73
1.51	13.51	89.19
4.97	12.00	79.20
4.38	20.00	90.00
8.80	8.70	89.13
7.43	27.78	94.44
4.24	10.34	82.76
1.90	10.00	76.00
6.17	18.75	96.88
1.62	50.00	100.00
1.04	20.00	80.00
4.92	7.14	89.29
6.31	0.00	75.00
2.41	4.55	90.91
4.43	7.14	92.86
1.47	8.33	100.00
7.46	6.67	86.67
2.69	50.00	100.00
1.07	11.11	66.67
1.40	16.67	75.00
0.32	50.00	100.00
1.17	31.82	90.91
2.41	9.60	89.60
4.85	23.33	90.00
1.14	18.75	96.88
4.44	10.53	100.00
8.81	6.83	93.57
2.06	25.00	100.00
1.12	10.53	78.95
5.16	0.00	100.00
6.67	9.52	89.68
4.85	50.00	50.00
2.53	0.00	100.00
5.21	18.18	72.73
5.18	0.00	100.00
5.69	20.00	100.00
4.67	50.00	50.00
2.67	9.09	90.91
3.28	19.05	90.48
2.00	13.85	75.38
4.13	13.04	91.30
8.60	11.63	93.02
4.10	0.00	100.00
7.44	0.00	100.00
1.01	50.00	100.00
2.64	7.89	91.67
0.12	9.09	81.82
5.60	14.06	89.06
2.82	20.00	90.00
4.52	7.29	91.09
6.56	0.00	90.00
6.16	13.33	80.00
1.29	11.11	100.00
4.15	5.41	75.68
5.35	13.08	86.45
4.64	8.00	90.00
0.92	2.33	79.07
0.92	0.00	77.78
3.45	13.95	95.35
2.30	13.95	95.35
2.22	11.11	85.19
5.46	0.00	100.00
7.95	22.22	94.44
0.80	21.74	56.52
2.04	5.00	85.00
5.31	0.00	0.00
4.78	0.00	100.00
4.38	0.00	100.00
6.00	13.04	91.30
8.39	13.68	80.00
1.31	11.86	86.44
1.32	14.29	85.71
1.06	20.00	93.33
8.41	0.00	50.00
1.17	11.48	88.52
0.38	9.09	98.18
3.27	8.00	80.00
5.90	14.29	85.71
3.21	0.00	85.71
6.97	8.00	88.00
2.06	9.30	93.02
7.93	8.33	83.33
4.69	8.33	83.33
5.03	11.11	83.33
1.89	0.00	87.50
0.49	16.67	16.67
6.54	6.47	92.04
8.01	14.71	100.00
1.44	8.33	87.50
1.08	20.00	80.00
1.51	14.29	89.29
4.59	0.00	83.33
8.50	33.33	100.00
7.57	0.00	83.33
5.62	11.11	83.33
5.25	22.22	77.78
0.33	11.43	94.29
0.62	12.50	81.25
3.03	7.69	84.62
5.75	8.11	94.59
4.52	33.33	100.00
3.70	5.88	82.35
0.40	25.00	100.00
8.30	25.00	75.00
0.52	10.00	80.00
2.91	14.29	85.71
0.53	6.85	87.67
3.07	10.00	92.00
7.35	9.18	87.76
0.82	9.18	87.76
0.10	9.18	87.76
0.83	15.79	84.21
2.74	8.00	80.00
2.75	20.00	80.00
6.35	3.57	78.57
0.05	50.00	100.00
2.92	12.50	97.50
7.55	20.00	80.00
1.88	10.00	95.00
0.37	16.67	83.33
2.54	7.14	78.57
8.21	23.81	100.00
6.00	9.52	66.67
1.89	10.20	93.88
7.03	50.00	100.00
3.11	14.94	78.16
4.71	6.67	88.89
2.81	18.18	90.91
0.68	5.56	77.78
7.11	17.65	88.24
1.32	11.54	84.62
5.84	0.00	71.43
2.20	13.10	88.10
3.13	0.00	83.33
7.19	13.51	86.49
3.03	13.51	86.49
5.59	11.11	100.00
7.51	14.29	85.71
8.98	18.75	81.25
4.32	16.67	91.67
7.34	15.79	78.95
4.91	12.59	85.93
0.95	23.81	100.00
4.98	0.00	80.00
6.45	6.67	80.00
8.31	5.88	100.00
8.07	12.50	87.50
1.65	6.67	93.33
5.41	0.00	100.00
8.12	1.85	83.33
2.79	16.67	95.45
6.51	14.29	71.43
4.25	10.00	90.00
7.87	16.67	100.00
8.22	0.00	100.00
4.76	12.50	75.00
0.16	12.50	75.00
3.19	7.11	93.72
8.65	11.79	88.65
0.28	8.21	87.31
3.60	50.00	100.00
4.47	6.67	83.33
6.71	4.82	85.54
2.49	31.58	89.47
6.96	13.33	85.00
4.69	10.59	90.59
8.12	10.00	83.33
2.89	0.00	33.33
2.04	3.57	86.90
0.97	40.00	40.00
5.73	5.56	91.67
4.58	50.00	100.00
8.71	5.00	85.00
6.24	30.00	90.00
8.34	20.00	100.00
3.52	8.79	94.51
5.41	9.52	100.00
0.53	10.91	85.45
3.68	21.43	92.86
2.44	50.00	100.00
4.48	25.00	100.00
8.95	1.85	92.59
4.91	7.14	92.86
3.12	11.11	77.78
7.02	7.45	92.55
8.55	0.00	100.00
3.09	0.00	100.00
3.88	7.69	87.18
8.63	0.00	90.91
6.96	0.00	72.73
1.96	25.00	100.00
4.40	12.28	87.72
5.72	2.70	90.54
2.68	9.26	79.63
5.41	10.00	92.50
6.65	10.71	100.00
2.74	12.03	81.95
0.50	11.63	93.02
8.58	10.00	93.33
0.31	11.43	88.57
1.50	12.50	81.25
8.74	10.06	87.57
2.36	8.97	91.03
5.43	7.87	89.76
2.80	14.50	80.00
8.07	10.91	89.09
4.03	10.64	87.23
4.24	8.33	83.33
5.68	14.46	92.77
1.77	7.46	91.42
2.57	5.85	91.49
2.57	10.71	83.33
8.78	4.98	87.74
0.30	8.15	88.59
5.83	7.64	92.69
2.53	7.19	88.24
6.15	8.96	94.03
4.74	3.57	89.29
2.02	12.50	90.91
1.07	11.36	88.64
2.31	0.00	0.00
8.55	10.34	82.76
4.35	11.36	93.18
7.33	5.48	93.15
2.71	20.00	90.00
8.68	6.56	95.08
6.46	10.87	93.48
0.04	8.47	100.00
2.98	16.98	73.58
8.44	15.15	87.88
6.78	15.19	97.47
2.12	10.14	87.10
6.43	6.61	86.78
4.13	5.56	92.59
2.33	6.25	93.75
3.04	4.35	78.26
5.31	3.80	88.61
3.66	16.00	88.00
0.15	13.33	100.00
4.73	5.97	87.06
5.76	4.35	91.30
3.42	12.23	92.81
5.86	10.00	82.00
4.33	6.59	90.11
7.94	1.69	96.61
6.60	6.92	93.08
1.57	6.25	87.50
7.93	9.43	92.45
3.53	6.82	93.18
0.10	10.53	88.16
0.83	4.55	95.45
6.68	6.25	75.00
6.55	5.36	82.14
0.97	66.67	100.00
3.60	12.50	87.50
7.89	10.00	87.50
0.78	5.88	94.12
6.89	4.35	91.30
1.03	11.49	89.66
7.12	7.27	96.36
8.05	7.14	85.71
3.96	9.52	90.48
1.00	16.22	79.73
4.45	2.04	89.80
7.65	8.45	87.32
5.05	11.11	84.72
8.52	11.11	84.72
6.98	14.08	84.51
2.40	10.53	84.21
6.29	7.14	92.86
3.54	8.22	91.78
8.54	8.22	91.78
4.07	6.58	81.58
4.26	0.00	85.71
7.79	16.67	88.46
2.63	8.77	89.47
1.19	7.27	92.73
6.47	17.14	91.43
7.08	6.25	89.58
3.45	11.11	94.44
1.75	5.30	91.67
0.21	23.08	92.31
0.03	8.70	93.48
6.93	14.29	57.14
2.49	8.44	88.96
0.10	0.00	100.00
4.44	6.67	94.81
5.15	0.00	100.00
1.14	10.11	89.89
6.22	5.67	93.62
4.94	13.33	80.00
2.19	5.41	89.19
8.38	8.33	90.28
7.64	23.75	85.00
3.40	26.67	83.33
8.40	8.45	88.73
1.74	13.89	84.72
8.15	7.69	84.62
1.68	10.18	89.22
3.65	9.52	90.48
2.04	7.69	96.70
0.02	9.17	88.07
3.61	13.16	89.47
1.49	11.73	83.80
6.04	10.61	90.91
6.83	9.27	90.24
1.44	7.77	85.44
8.12	14.52	66.13
4.91	0.00	75.00
3.54	0.00	100.00
3.06	0.00	66.67
7.12	8.47	96.61
7.88	50.00	100.00
4.50	0.00	94.74
8.19	14.29	92.86
5.91	0.00	100.00
7.68	0.00	88.71
2.65	8.78	88.51
7.32	17.95	74.36
2.23	20.00	95.00
5.98	10.87	94.20
5.84	15.38	84.62
6.64	15.15	96.97
6.07	11.11	94.44
8.28	4.17	91.67
8.10	10.14	91.30
7.99	5.56	94.44
1.56	9.26	92.59
6.45	0.00	100.00
2.53	8.70	93.91
5.87	0.00	100.00
4.10	18.18	90.91
5.49	10.12	85.43
8.79	14.29	85.71
7.64	0.00	54.55
3.80	14.29	85.71
1.96	9.38	75.00
5.31	14.29	78.57
6.48	14.29	100.00
5.42	5.00	85.00
2.00	2.13	87.23
1.67	12.50	87.50
5.78	0.00	83.33
7.50	10.08	88.24
6.71	10.00	95.00
1.44	4.17	93.06
5.52	13.89	80.56
6.73	14.29	100.00
8.55	8.33	91.67
3.37	12.50	100.00
0.56	5.00	80.00
8.66	10.00	100.00
1.03	3.57	89.29
0.27	0.00	100.00
4.53	0.00	100.00
6.24	7.69	73.08
8.59	5.26	89.47
7.58	12.50	75.00
5.13	16.67	83.33
4.72	0.00	83.33
1.80	8.33	86.11
1.13	20.00	80.00
4.58	8.00	64.00
6.67	14.29	100.00
3.81	0.00	80.00
0.91	20.00	93.33
8.88	7.50	90.00
5.35	13.04	82.61
6.97	6.15	87.69
1.69	0.00	100.00
3.62	20.59	94.12
1.26	50.00	100.00
8.96	10.53	89.47
3.29	5.00	75.00
7.44	0.00	100.00
3.70	17.86	82.14
1.79	8.54	87.80
0.09	25.58	76.74
1.80	14.29	71.43
1.65	21.43	92.86
8.46	12.34	86.36
3.84	12.34	86.36
6.06	12.34	86.36
1.59	9.09	81.82
3.75	5.41	83.78
0.38	20.00	100.00
0.70	20.00	100.00
5.30	4.88	90.24
6.82	16.35	91.35
7.96	0.00	80.65
6.72	8.00	88.00
2.42	6.25	83.33
0.13	25.00	87.50
7.33	5.00	95.00
6.33	6.67	86.67
0.69	3.57	92.86
0.62	7.14	85.71
5.22	11.11	100.00
6.12	6.25	82.81
0.19	0.00	83.33
6.96	11.67	90.00
3.41	16.00	76.00
8.01	11.72	86.72
1.15	10.81	83.78
7.72	11.32	90.57
5.43	12.50	87.50
6.98	7.69	96.15
8.66	11.64	84.25
3.89	8.33	91.67
2.77	8.51	90.85
8.74	8.11	100.00
2.01	11.11	77.78
4.64	15.97	92.44
3.63	15.38	92.31
0.43	6.38	87.23
5.89	7.84	94.12
4.93	15.91	89.77
5.34	0.00	55.56
5.56	0.00	100.00
0.40	5.36	89.29
0.09	10.00	90.00
2.60	4.08	95.92
0.44	11.76	100.00
4.25	16.33	94.90
1.37	2.82	87.32
8.42	26.92	92.31
3.27	7.41	77.78
3.84	24.24	81.82
7.16	5.97	97.01
0.08	9.18	93.88
4.00	4.55	95.45
3.35	13.73	88.24
7.11	8.05	91.19
1.47	9.63	87.70
3.64	7.95	92.05
5.54	8.70	86.96
0.31	11.11	90.00
1.00	11.70	80.85
2.75	6.57	90.51
7.46	9.86	85.92
2.42	11.88	81.67
0.99	8.57	85.71
8.06	8.79	83.52
2.30	10.03	86.25
6.35	22.73	81.82
1.55	15.00	92.50
8.45	5.00	83.75
5.80	20.00	97.50
0.55	5.56	88.89
2.09	9.09	78.79
5.93	9.76	97.56
0.80	8.14	81.98
2.78	5.00	95.00
5.59	5.85	94.63
0.49	5.00	98.00
1.41	20.00	70.00
1.59	5.00	92.50
0.42	14.71	94.12
1.10	15.79	94.74
4.86	16.67	94.44
8.19	6.12	92.52
2.35	10.71	88.10
4.55	7.69	92.31
3.69	0.00	100.00
4.78	6.12	89.80
8.44	13.43	86.57
7.82	11.64	87.64
7.15	9.52	90.48
1.13	7.69	86.54
6.41	8.73	89.68
7.55	4.76	84.76
1.57	11.54	84.62
8.92	4.55	84.09
8.40	9.46	88.51
0.06	7.01	91.12
0.70	12.24	91.84
6.57	9.80	92.16
6.12	16.67	100.00
2.88	9.70	85.07
3.66	11.11	100.00
7.62	16.13	61.29
8.41	4.84	91.94
7.14	33.33	66.67
6.98	10.00	70.00
8.50	0.00	100.00
6.86	8.22	88.36
8.26	0.00	100.00
4.62	4.92	86.89
4.34	8.33	86.11
7.94	8.56	87.70
2.00	10.00	100.00
6.59	6.40	91.86
5.90	80.00	0.00
1.55	4.00	60.00
0.51	8.33	95.83
4.01	12.15	99.07
4.81	9.09	86.36
6.64	20.00	70.00
2.97	7.53	90.32
0.41	3.73	93.66
1.34	12.50	83.33
1.24	6.59	86.81
6.51	13.24	82.35
2.76	0.00	50.00
7.63	10.48	91.43
8.39	11.11	100.00
2.40	5.56	77.78
7.68	6.86	94.29
6.72	12.82	89.74
3.21	9.43	84.91
5.50	12.00	88.00
1.91	11.11	85.19
2.79	9.76	87.80
3.35	12.28	85.96
0.01	12.12	89.90
2.87	12.50	75.00
7.70	7.41	81.48
2.41	16.67	94.44
6.53	14.29	71.43
6.60	7.19	88.49
8.47	33.33	100.00
2.91	0.00	75.00
5.33	9.86	97.18
0.79	15.00	85.00
0.32	4.12	91.75
7.86	2.90	91.30
2.82	7.02	89.47
0.58	9.52	87.30
4.37	26.67	73.33
3.58	7.32	92.68
1.15	17.44	90.70
8.79	7.43	93.71
1.59	10.10	95.96
1.39	9.84	93.44
4.06	5.71	85.71
7.20	9.41	94.12
2.69	7.84	84.31
7.16	12.50	97.22
5.50	28.57	100.00
5.52	8.72	91.28
2.34	11.11	72.22
1.66	13.70	91.78
8.22	9.09	94.32
7.92	9.93	80.85
3.77	0.00	100.00
4.89	0.00	25.00
3.36	19.15	89.36
8.10	6.25	90.63
0.50	9.38	85.94
6.25	10.10	91.92
1.13	11.83	91.40
1.93	13.04	89.67
4.36	10.83	94.17
8.73	7.91	91.63
1.68	4.50	94.59
6.92	11.43	85.71
5.03	8.05	93.10
1.93	3.33	83.33
7.98	4.84	93.55
1.01	15.91	87.88
7.94	9.33	87.33
6.77	8.89	82.22
3.73	9.56	94.85
6.24	16.67	80.56
3.13	7.69	92.31
0.30	15.38	69.23
5.63	10.00	95.00
0.48	9.38	79.69
1.90	11.43	94.29
0.34	20.00	80.00
6.71	10.44	94.51
5.06	15.38	84.62
3.08	7.14	85.71
2.10	0.00	100.00
6.17	20.00	90.00
8.26	12.50	87.50
4.71	9.52	88.89
5.12	5.00	95.00
6.79	7.64	94.44
1.92	8.33	94.23
2.70	20.00	100.00
1.34	16.67	83.33
7.87	9.09	90.91
6.12	9.09	90.91
7.66	0.00	0.00
7.00	12.00	96.00
0.70	16.19	83.81
4.13	11.76	94.12
3.03	9.88	92.59
0.35	8.06	98.39
2.97	20.00	90.77
7.91	8.00	92.00
7.99	9.09	86.78
8.72	9.76	97.56
4.62	8.42	93.68
4.10	14.43	89.69
8.63	13.64	90.91
5.00	2.70	75.68
0.58	13.92	89.87
2.46	10.57	82.93
3.29	11.22	93.88
8.38	9.41	97.65
7.48	10.91	78.18
0.32	20.69	89.66
8.36	7.81	93.75
7.36	9.89	84.62
6.46	10.34	89.66
8.28	12.79	86.05
4.66	10.17	84.75
8.70	10.00	82.50
8.87	12.82	83.33
8.67	8.82	73.53
1.24	14.37	83.33
2.15	14.16	85.84
1.28	8.00	85.00
2.30	12.16	80.41
4.06	11.54	87.18
1.62	10.26	88.46
3.86	7.38	93.44
4.88	4.33	85.10
7.82	0.00	100.00
8.84	9.31	86.64
6.17	0.00	89.47
4.54	6.25	100.00
6.69	8.70	86.96
8.91	0.00	50.00
7.86	23.53	88.24
1.71	0.00	100.00
6.29	5.83	86.67
5.29	9.38	94.53
8.23	10.84	89.16
3.42	9.88	90.12
5.19	7.78	88.89
8.47	0.00	100.00
5.86	8.16	88.57
0.05	12.50	100.00
1.81	3.85	86.54
4.70	3.85	86.54
6.52	9.52	97.14
7.46	0.00	100.00
5.85	13.21	84.91
7.87	6.38	77.66
1.29	8.43	92.77
1.17	7.65	90.71
5.15	7.14	92.86
3.94	0.00	100.00
5.78	14.81	88.89
7.39	7.20	75.20
2.00	19.35	93.55
3.65	18.37	75.51
7.82	12.50	89.58
8.88	11.11	90.28
6.14	16.67	83.33
4.50	13.92	91.14
0.79	0.00	85.71
8.18	7.45	90.43
7.40	11.11	88.89
4.06	0.00	82.35
0.42	14.63	90.24
0.15	7.14	96.43
4.66	9.41	88.24
3.56	12.12	96.97
5.58	11.43	78.57
7.16	13.89	88.89
0.18	10.29	85.29
4.08	9.76	87.80
6.30	10.39	92.21
1.15	14.29	96.43
2.33	11.11	91.67
8.90	9.84	91.80
5.80	6.47	90.00
4.09	12.28	80.70
6.87	13.71	85.48
8.67	16.67	86.11
5.42	8.33	91.67
4.17	10.26	90.38
6.55	8.82	76.47
8.76	12.90	100.00
7.66	11.86	89.83
1.80	7.76	92.53
1.91	4.29	94.29
7.01	8.94	91.39
6.33	11.54	92.31
3.82	5.66	84.91
0.04	13.85	86.15
8.95	7.14	90.48
6.46	8.97	97.24
5.24	3.70	81.48
5.14	15.07	94.52
4.97	5.80	84.06
6.31	12.90	83.87
6.92	5.59	88.82
2.32	11.02	82.20
5.00	12.50	100.00
3.31	6.54	77.57
3.08	8.06	93.55
5.01	12.50	95.00
9.00	17.07	92.68
0.10	7.53	95.70
8.63	20.69	93.10
4.46	13.21	86.79
8.67	5.68	86.36
5.16	11.55	86.45
5.49	9.46	89.19
1.32	7.69	89.23
4.48	13.64	89.61
6.09	8.14	84.88
8.24	8.70	86.96
5.75	6.60	80.71
6.30	13.33	86.67
0.02	12.50	94.23
6.15	6.62	88.74
8.45	5.77	94.23
7.11	0.00	100.00
5.01	11.90	97.62
1.18	8.05	79.31
6.59	20.83	100.00
0.75	8.92	92.99
2.46	10.45	83.62
5.57	12.82	92.31
6.31	10.00	87.78
4.23	14.29	78.57
7.53	3.39	96.61
7.85	25.00	75.00
2.55	28.57	85.71
1.54	50.00	100.00
1.32	10.12	91.83
5.97	14.63	90.24
0.99	8.16	100.00
4.66	8.22	95.89
6.01	11.11	100.00
0.44	9.09	93.18
7.53	15.03	92.49
1.11	4.88	92.68
7.72	7.87	93.26
0.64	10.87	89.13
3.01	14.47	80.26
1.27	13.64	100.00
0.32	9.09	85.71
1.77	16.67	91.67
1.30	6.93	89.60
3.76	13.16	89.47
3.18	9.88	90.12
0.43	12.50	100.00
7.86	9.68	80.65
5.34	8.00	84.00
4.03	18.05	87.97
3.58	7.00	90.95
5.19	15.31	86.22
0.09	9.49	89.24
0.85	7.69	81.32
4.43	9.93	82.98
4.55	10.81	91.89
8.74	8.33	81.67
4.53	9.17	92.50
5.53	8.43	79.52
5.47	17.14	88.57
1.91	11.11	89.51
2.62	24.00	88.00
2.75	4.59	80.28
2.10	20.00	86.67
4.33	8.33	85.42
0.56	10.00	90.00
8.38	12.16	94.59
6.09	2.94	94.12
0.07	12.50	87.50
4.81	11.48	90.98
7.11	13.95	95.35
2.79	13.79	89.66
5.73	9.68	96.77
4.24	14.29	88.31
0.29	21.05	94.74
6.88	10.00	100.00
4.89	9.76	90.24
2.32	8.33	90.91
5.08	11.32	88.68
8.69	15.56	75.56
5.91	11.11	92.59
1.59	11.11	95.56
0.26	13.27	93.88
3.61	13.79	98.28
6.14	22.22	100.00
0.25	9.38	90.63
4.81	8.57	94.29
8.52	6.59	82.42
2.55	8.77	91.23
3.69	4.35	89.13
2.94	10.34	96.55
2.01	0.00	77.78
1.41	11.29	96.77
5.87	14.75	91.80
2.49	15.56	93.33
0.01	21.05	100.00
4.12	10.71	89.29
5.05	7.69	96.15
4.87	9.48	85.34
4.31	22.58	83.87
1.63	9.82	95.54
4.05	8.28	91.72
1.71	9.21	96.05
6.49	10.10	93.94
2.77	5.41	89.19
0.36	10.00	92.50
3.73	12.77	97.87
1.89	9.76	94.31
3.72	14.89	76.60
2.44	14.63	82.93
1.46	14.29	83.67
1.66	14.86	90.86
7.83	9.71	92.72
2.32	5.56	87.04
8.89	6.00	91.50
0.71	12.00	74.00
1.53	10.71	89.29
2.95	7.49	77.01
7.36	10.73	90.40
4.16	7.14	83.33
1.62	15.22	82.61
4.78	15.63	93.75
7.50	13.04	84.78
7.61	9.59	82.88
6.37	14.29	96.43
6.92	10.00	95.00
0.18	10.00	86.67
3.56	10.53	82.46
4.17	9.79	89.51
7.12	7.41	100.00
0.90	6.25	87.50
3.08	11.54	92.31
5.07	7.59	88.61
6.69	14.12	82.35
1.06	8.11	88.29
4.69	8.51	79.79
7.03	5.92	90.79
2.14	11.29	90.32
2.66	10.78	84.80
3.35	6.67	92.00
3.29	10.34	85.34
1.37	14.58	79.17
4.22	12.50	82.03
5.88	5.88	88.24
4.49	20.00	90.00
5.75	11.28	90.23
4.17	10.06	82.39
6.82	11.76	77.06
1.06	8.89	86.67
7.87	3.70	94.44
0.33	14.81	90.74
7.96	12.61	88.29
5.57	12.12	86.87
2.03	8.64	83.95
6.05	9.52	91.67
4.85	17.72	84.81
6.22	20.00	84.00
1.14	14.93	85.07
5.23	5.80	80.43
3.19	10.42	90.63
5.74	8.11	86.49
0.01	19.15	85.11
0.26	5.56	77.78
6.18	6.30	94.49
1.78	6.06	84.85
0.33	8.00	88.80
6.29	6.67	90.00
1.99	8.77	92.98
7.28	7.75	88.37
2.11	6.12	94.90
4.19	8.65	90.38
7.88	10.91	90.91
3.04	7.23	81.93
3.99	11.43	95.71
5.23	20.51	100.00
7.10	10.39	88.31
1.93	3.74	89.72
8.00	8.54	97.56
7.66	6.45	83.87
2.21	23.53	97.06
4.76	12.68	92.96
8.83	21.05	57.89
7.75	10.00	75.71
7.79	9.46	87.84
4.59	5.97	97.01
7.14	10.24	87.80
0.67	18.18	93.94
3.02	14.06	73.44
1.20	15.91	90.91
7.08	13.89	88.89
5.40	6.12	89.12
8.83	9.84	91.80
8.35	8.24	92.94
0.72	14.86	79.73
7.22	11.29	77.42
0.97	4.40	91.21
3.76	5.76	90.65
3.39	6.35	88.89
6.75	8.57	91.43
0.39	11.29	87.10
7.31	9.30	90.12
3.88	11.11	91.50
3.42	19.05	85.71
2.27	13.16	76.32
1.36	6.86	70.59
2.99	6.36	91.82
5.24	8.40	85.71
2.56	6.67	91.11
8.11	11.76	86.76
4.23	9.72	93.06
8.77	5.41	78.38
5.42	11.11	80.95
3.81	15.15	84.85
8.66	0.00	86.67
1.19	8.33	86.11
8.46	11.20	92.00
4.03	3.23	93.55
7.17	8.70	86.96
1.58	0.00	100.00
4.10	5.02	93.05
7.24	14.81	92.59
2.21	11.11	88.89
8.70	18.52	85.19
8.55	13.64	90.91
7.15	15.38	93.59
0.88	6.98	90.70
5.59	9.80	92.16
2.05	13.49	88.10
4.11	13.51	78.38
5.35	9.52	86.24
5.78	10.00	80.00
2.29	12.61	90.99
0.55	8.62	100.00
3.04	1.96	88.24
0.50	4.35	82.61
6.96	12.82	87.18
5.90	16.67	90.48
6.49	9.75	89.53
7.71	12.50	87.50
6.50	8.57	91.43
7.41	15.00	80.00
4.70	9.30	86.05
5.16	10.20	91.84
5.76	13.51	100.00
1.24	8.57	85.71
4.01	11.11	93.33
7.26	8.30	86.90
3.43	12.82	94.87
4.40	8.71	87.42
1.26	10.81	91.89
3.23	20.00	100.00
0.98	14.04	82.46
5.31	11.63	97.67
5.89	5.88	93.46
3.80	19.23	88.46
1.71	25.00	73.08
5.11	13.83	79.79
2.65	10.61	81.82
3.17	11.11	92.59
5.79	6.10	89.02
7.68	20.00	100.00
3.39	5.23	79.07
7.11	14.29	71.43
1.90	12.96	81.48
2.77	10.00	94.29
1.24	16.87	92.77
0.07	11.65	87.38
2.60	16.67	96.67
6.92	7.69	84.62
2.76	2.78	91.67
1.31	10.98	78.03
6.58	15.07	87.67
0.46	9.30	87.79
3.23	10.00	80.00
0.07	3.57	96.43
5.85	5.97	94.03
6.82	16.22	78.38
4.51	6.57	93.43
8.80	8.51	86.17
0.20	14.81	77.78
7.77	11.90	97.62
0.88	6.06	91.67
5.72	7.41	96.91
3.23	15.32	90.32
3.30	17.39	82.61
2.28	6.06	81.82
8.32	8.33	91.67
4.79	9.26	90.74
1.43	9.43	88.68
1.83	11.96	90.22
8.71	6.63	93.37
8.85	8.16	81.63
8.24	10.14	85.51
8.20	7.14	88.10
3.97	16.67	94.44
8.37	16.67	86.67
5.22	7.50	93.75
6.34	14.29	85.71
8.90	5.37	87.32
0.04	6.76	66.22
6.35	6.67	88.15
4.01	21.15	90.38
4.67	13.04	65.22
8.74	17.24	98.28
4.04	11.11	89.74
4.81	15.48	94.05
5.90	12.84	86.49
7.14	20.69	86.21
4.76	9.26	85.19
3.28	7.32	97.56
4.03	9.92	80.17
0.12	6.12	97.96
1.66	10.71	87.50
3.84	13.64	86.36
1.66	16.92	90.77
1.43	12.82	94.87
2.76	12.90	93.55
1.51	14.29	97.14
2.36	11.11	95.83
5.87	8.00	88.00
2.81	10.42	95.83
3.91	8.33	86.11
7.36	9.09	90.91
2.51	21.74	95.65
2.33	19.05	76.19
4.74	6.21	86.21
7.81	10.11	94.68
2.67	6.38	89.36
4.57	13.21	94.34
3.64	13.04	91.30
8.65	6.00	95.00
1.03	8.33	80.56
4.24	10.94	75.00
2.99	10.94	75.00
0.09	8.47	93.22
1.18	9.90	88.12
1.75	13.41	91.46
6.04	12.68	94.37
1.85	14.29	89.80
5.25	9.76	92.68
3.63	8.75	88.75
1.38	10.13	88.61
4.43	12.07	87.93
6.55	19.74	85.53
7.70	9.90	82.18
7.80	23.68	89.47
6.02	0.00	75.00
8.25	12.50	87.50
1.67	7.14	90.00
5.83	8.22	88.36
6.48	8.93	83.33
5.27	19.35	96.77
5.75	6.19	90.72
2.17	11.81	91.67
7.30	10.23	88.64
2.88	8.22	95.89
2.39	10.00	86.67
3.68	9.21	92.11
6.81	8.16	79.59
5.80	12.68	85.92
6.76	11.06	87.23
8.44	11.24	88.76
6.26	12.90	90.32
0.77	13.89	91.67
7.79	9.43	90.57
5.78	7.89	97.37
8.24	8.93	98.21
5.45	6.06	92.42
4.42	6.25	87.50
3.04	15.49	91.55
8.00	11.56	88.44
7.94	11.29	95.16
6.61	13.89	75.00
0.12	15.63	81.25
3.98	13.71	83.43
4.95	13.79	82.76
2.37	9.76	81.71
3.51	11.59	82.61
1.25	9.91	86.79
2.33	9.21	92.11
6.45	9.84	95.08
8.47	15.00	95.00
4.42	15.00	95.00
2.57	15.91	88.64
8.67	9.26	96.30
6.61	10.34	96.55
8.13	8.00	96.00
4.92	11.32	98.11
2.32	14.71	79.41
3.64	7.41	96.30
4.47	10.78	90.20
8.01	10.87	93.48
1.63	11.54	80.77
3.65	10.34	89.66
5.14	7.83	94.93
5.21	15.38	93.85
2.59	11.93	91.74
3.34	5.41	83.78
4.58	11.94	95.52
6.95	11.83	89.25
0.52	6.49	87.01
2.23	20.00	88.00
0.73	10.62	78.76
4.86	11.34	83.51
4.96	8.96	91.04
3.29	17.39	78.26
6.15	22.41	86.21
8.63	14.29	94.29
6.82	6.02	89.16
6.64	8.39	84.52
4.72	4.40	88.68
4.96	7.17	93.49
2.07	11.96	89.13
8.19	13.04	85.51
3.82	13.33	86.67
7.07	15.79	92.11
4.34	6.61	79.34
7.34	11.11	88.89
4.43	12.90	91.13
2.81	10.71	85.71
2.82	16.22	83.78
5.40	9.92	86.11
1.58	11.00	88.00
4.15	8.33	91.67
6.49	7.41	96.30
4.29	11.76	89.71
6.16	7.07	94.95
5.35	9.23	91.54
7.87	9.09	88.07
3.06	11.54	92.31
2.54	8.47	93.22
2.06	6.12	89.80
4.41	14.29	92.86
0.89	8.26	88.99
5.95	17.50	90.00
6.15	12.82	89.74
5.03	15.38	96.15
3.98	20.00	90.00
4.92	10.71	89.29
6.30	7.28	90.80
1.41	13.67	93.53
8.82	12.12	89.39
2.96	50.00	100.00
6.55	18.75	87.50
7.03	14.86	90.54
4.09	7.69	89.23
8.70	11.36	88.64
3.55	10.00	75.00
8.12	9.73	92.61
4.58	15.79	94.74
7.91	8.79	95.05
8.39	11.84	88.16
7.90	4.76	82.31
4.15	7.02	84.21
5.94	10.91	85.45
4.31	11.11	88.89
0.24	9.52	90.48
6.16	11.11	88.89
6.10	7.62	86.67
3.46	17.78	91.11
