2.59	2.00	88.57
7.03	2.00	96.97
7.48	1.00	100.00
1.02	3.00	93.75
1.82	3.00	50.00
1.13	1.00	100.00
3.80	8.00	84.75
3.41	2.00	50.00
6.94	1.00	80.00
1.62	2.00	73.33
8.21	7.00	93.41
0.97	1.00	100.00
2.34	16.00	86.93
7.87	4.00	97.62
8.32	2.00	90.00
4.55	11.00	92.68
4.76	15.00	87.39
4.71	0.00	100.00
5.11	0.00	100.00
3.53	1.00	100.00
5.44	4.00	100.00
1.98	27.00	89.96
6.50	1.00	100.00
4.94	7.00	84.85
3.61	2.00	87.50
1.12	6.00	97.73
1.99	14.00	92.31
6.67	4.00	94.44
5.33	2.00	100.00
0.06	3.00	85.11
2.72	2.00	90.48
6.60	0.00	83.33
6.52	1.00	95.24
6.06	2.00	81.08
3.34	6.00	93.88
0.17	1.00	100.00
3.95	5.00	92.41
1.18	16.00	88.89
8.55	17.00	86.09
7.57	6.00	96.15
7.19	1.00	91.67
1.63	1.00	100.00
7.70	0.00	100.00
0.09	1.00	100.00
1.48	10.00	92.11
3.27	4.00	86.67
1.17	7.00	88.76
2.79	2.00	84.21
7.94	3.00	87.50
3.96	6.00	95.65
8.61	2.00	90.00
6.82	2.00	84.62
4.78	0.00	0.00
5.14	4.00	93.75
5.18	6.00	91.30
3.74	2.00	100.00
0.65	0.00	100.00
6.04	2.00	90.32
1.69	3.00	92.86
3.17	1.00	100.00
7.85	2.00	100.00
5.17	2.00	91.67
8.78	1.00	100.00
3.71	8.00	82.29
8.70	2.00	100.00
3.95	5.00	84.78
8.53	2.00	81.40
0.28	1.00	100.00
0.26	0.00	0.00
0.92	3.00	95.65
2.46	5.00	82.43
6.22	0.00	80.00
4.79	20.00	91.83
8.01	3.00	95.83
6.77	0.00	88.89
1.23	6.00	90.53
5.72	19.00	78.53
6.68	6.00	96.23
0.33	2.00	94.12
2.01	1.00	100.00
3.65	2.00	84.62
3.43	5.00	90.32
5.45	1.00	87.50
7.92	1.00	100.00
2.79	0.00	84.62
2.32	1.00	100.00
4.58	12.00	84.33
8.29	1.00	93.75
5.31	9.00	91.18
2.72	3.00	78.38
6.67	5.00	85.25
0.38	4.00	88.46
2.31	6.00	93.22
3.67	0.00	83.33
3.11	9.00	85.35
2.26	2.00	84.85
4.79	0.00	0.00
2.12	0.00	100.00
1.29	8.00	94.44
3.12	3.00	91.30
5.95	1.00	70.59
0.13	2.00	100.00
5.72	2.00	90.00
7.02	3.00	83.82
5.29	3.00	90.91
6.49	0.00	100.00
8.61	6.00	85.71
0.28	17.00	89.86
1.51	14.00	88.79
8.67	11.00	90.22
4.06	4.00	93.48
8.12	4.00	97.30
0.09	1.00	100.00
0.92	1.00	100.00
3.64	6.00	95.89
8.98	1.00	100.00
5.26	18.00	91.43
1.59	3.00	92.31
4.71	1.00	90.00
3.76	4.00	100.00
8.17	3.00	92.31
6.07	6.00	85.71
5.24	0.00	100.00
2.75	5.00	96.43
4.33	4.00	91.18
7.57	4.00	77.78
6.57	5.00	80.00
0.83	1.00	92.31
6.46	5.00	83.16
2.45	3.00	77.78
8.05	1.00	90.00
1.70	7.00	86.32
0.26	5.00	66.67
0.82	0.00	0.00
5.99	12.00	94.30
0.90	20.00	92.70
0.92	5.00	100.00
5.87	1.00	94.12
0.94	4.00	94.12
0.48	25.00	92.34
8.64	2.00	85.71
4.33	2.00	100.00
8.14	2.00	93.75
1.26	4.00	95.24
5.10	2.00	94.44
3.94	0.00	88.89
1.38	2.00	95.00
0.38	0.00	100.00
3.11	0.00	50.00
4.99	2.00	100.00
0.86	6.00	92.77
1.05	5.00	77.14
4.95	1.00	88.89
4.27	0.00	100.00
7.76	3.00	88.89
4.68	6.00	83.64
5.70	2.00	68.18
3.24	0.00	66.67
3.07	1.00	87.50
2.07	0.00	100.00
1.71	5.00	89.66
1.40	35.00	91.60
7.27	1.00	90.91
2.97	20.00	87.20
1.41	2.00	90.00
6.61	3.00	73.68
5.04	2.00	80.00
0.51	1.00	80.00
4.70	1.00	94.12
1.11	5.00	92.71
3.71	4.00	64.29
6.74	3.00	96.43
4.66	7.00	98.51
5.41	5.00	93.48
5.13	5.00	100.00
5.30	4.00	85.71
4.97	1.00	77.78
0.07	10.00	91.78
5.04	2.00	86.67
0.81	5.00	82.05
0.25	0.00	100.00
8.66	2.00	78.57
3.86	7.00	92.68
3.86	0.00	100.00
2.50	2.00	69.23
8.46	1.00	92.86
4.47	4.00	100.00
6.97	4.00	83.33
3.56	5.00	92.73
5.04	1.00	83.33
0.28	2.00	95.45
8.49	0.00	71.43
8.02	4.00	86.49
8.03	4.00	87.18
5.71	6.00	88.46
4.05	2.00	78.57
3.58	4.00	92.59
3.53	1.00	94.12
6.91	2.00	70.00
1.78	1.00	100.00
2.13	4.00	91.67
6.91	5.00	95.45
0.46	0.00	100.00
0.29	1.00	100.00
5.29	11.00	93.33
0.16	1.00	89.29
2.14	13.00	89.05
6.00	1.00	87.50
7.14	1.00	95.65
2.99	2.00	94.12
3.90	1.00	100.00
5.21	1.00	92.31
5.63	0.00	84.62
4.80	13.00	92.91
4.00	0.00	93.33
6.09	0.00	100.00
3.51	2.00	95.65
1.64	6.00	87.50
7.91	0.00	91.67
2.17	2.00	100.00
2.58	9.00	83.33
4.08	1.00	90.91
3.44	4.00	90.00
6.10	9.00	93.00
2.76	3.00	95.83
3.75	9.00	93.59
2.49	0.00	85.71
3.68	18.00	80.37
1.11	2.00	96.30
0.40	14.00	91.45
7.48	9.00	94.06
2.55	7.00	87.88
2.35	3.00	100.00
0.47	1.00	86.67
3.58	1.00	66.67
8.23	4.00	79.17
4.34	3.00	87.50
4.75	4.00	75.86
1.80	3.00	90.00
0.12	14.00	83.47
5.80	0.00	100.00
4.09	5.00	87.76
7.69	1.00	83.33
1.40	1.00	82.26
4.08	7.00	80.95
7.25	2.00	100.00
0.64	17.00	90.98
1.60	6.00	84.75
6.73	0.00	90.00
2.04	1.00	83.33
7.51	2.00	86.49
3.75	2.00	87.50
2.47	6.00	86.21
1.10	0.00	0.00
4.88	1.00	62.50
6.89	3.00	80.00
7.12	1.00	77.78
1.20	2.00	100.00
4.09	5.00	89.47
3.93	3.00	100.00
8.32	3.00	92.68
3.51	2.00	94.12
6.21	1.00	100.00
6.65	0.00	75.00
7.21	3.00	90.20
4.51	8.00	94.74
0.13	3.00	93.33
8.54	2.00	96.00
7.32	1.00	100.00
6.95	2.00	90.91
3.47	0.00	84.38
4.86	1.00	80.00
3.78	3.00	92.86
6.00	0.00	87.50
1.71	4.00	90.91
3.12	3.00	91.30
4.76	2.00	100.00
6.92	7.00	91.18
0.12	2.00	96.36
8.19	1.00	100.00
0.75	2.00	100.00
2.11	14.00	87.93
3.82	3.00	80.95
4.06	6.00	93.90
8.64	4.00	90.91
3.69	5.00	78.13
8.48	2.00	94.23
2.99	2.00	83.93
4.62	2.00	86.96
7.57	4.00	90.91
4.57	3.00	100.00
7.22	0.00	71.43
1.34	17.00	85.22
4.46	1.00	100.00
7.08	4.00	87.10
0.16	1.00	66.67
4.90	1.00	72.73
1.47	1.00	75.00
8.28	20.00	87.67
8.42	1.00	100.00
0.40	1.00	75.00
4.35	2.00	93.10
8.24	0.00	75.00
5.47	1.00	75.00
5.64	1.00	100.00
2.68	1.00	83.33
0.29	6.00	82.00
8.78	0.00	50.00
8.51	2.00	78.95
2.15	0.00	100.00
4.39	4.00	96.43
7.83	1.00	93.33
2.95	0.00	100.00
2.44	3.00	82.61
6.80	4.00	92.96
2.41	1.00	100.00
0.68	8.00	88.06
7.91	0.00	94.74
5.04	1.00	100.00
8.49	1.00	90.91
0.13	19.00	88.64
4.28	2.00	93.10
2.85	1.00	100.00
5.94	13.00	74.05
0.21	1.00	100.00
5.24	1.00	100.00
1.27	1.00	94.12
0.31	6.00	82.19
7.76	17.00	80.00
6.76	1.00	100.00
2.82	2.00	92.86
5.32	13.00	90.26
5.65	4.00	91.07
5.86	6.00	89.80
6.91	2.00	92.31
0.55	6.00	88.89
4.93	8.00	87.10
5.78	2.00	93.55
7.16	2.00	95.45
4.51	2.00	94.74
2.29	0.00	85.71
2.85	2.00	92.31
3.86	2.00	85.71
6.52	9.00	96.23
7.31	8.00	87.72
1.98	1.00	84.62
6.05	0.00	100.00
5.27	3.00	93.10
6.96	1.00	100.00
1.46	1.00	66.67
5.08	2.00	86.67
6.65	0.00	0.00
6.36	1.00	85.71
6.48	2.00	100.00
8.21	4.00	100.00
3.69	8.00	89.66
0.64	13.00	91.59
8.19	3.00	83.33
0.13	10.00	92.11
3.10	1.00	90.91
8.79	3.00	82.61
6.93	0.00	73.33
1.54	1.00	100.00
4.96	3.00	91.84
1.53	3.00	96.43
2.56	2.00	100.00
1.66	4.00	77.27
5.53	1.00	77.78
1.46	1.00	90.00
3.12	8.00	95.59
5.21	1.00	88.89
5.52	3.00	71.43
1.87	2.00	91.49
5.09	3.00	100.00
7.27	2.00	80.00
7.47	1.00	88.89
3.11	3.00	67.65
5.42	3.00	87.50
8.23	0.00	50.00
6.61	2.00	100.00
0.65	3.00	92.11
5.61	2.00	91.30
0.90	2.00	80.00
7.42	10.00	87.90
6.09	1.00	100.00
4.78	1.00	100.00
2.26	1.00	91.30
0.04	15.00	89.83
4.36	12.00	89.66
7.37	1.00	100.00
4.47	0.00	80.00
2.91	5.00	48.65
0.19	4.00	100.00
0.54	9.00	71.88
5.52	8.00	93.62
0.49	3.00	100.00
8.72	0.00	100.00
4.73	5.00	90.00
0.10	2.00	71.43
3.05	1.00	93.33
1.03	3.00	93.75
2.32	1.00	90.91
2.02	2.00	90.00
5.61	11.00	91.30
0.85	5.00	85.71
5.71	1.00	60.00
5.86	1.00	100.00
7.54	1.00	100.00
6.40	0.00	100.00
4.95	2.00	97.06
6.51	0.00	87.50
8.10	7.00	87.72
0.46	4.00	85.71
4.23	1.00	63.64
0.87	0.00	100.00
4.86	31.00	88.14
3.82	2.00	100.00
7.80	2.00	100.00
0.83	6.00	81.25
6.79	2.00	85.71
0.90	0.00	92.31
5.89	1.00	100.00
2.49	1.00	100.00
2.91	7.00	92.31
1.83	3.00	94.59
3.10	3.00	88.89
4.80	7.00	91.49
1.55	1.00	80.00
7.58	2.00	88.24
1.07	1.00	78.57
1.78	2.00	97.44
1.10	8.00	88.14
2.95	5.00	85.71
3.23	3.00	87.50
4.03	1.00	93.33
6.47	1.00	100.00
6.97	1.00	73.68
6.13	1.00	100.00
1.72	5.00	84.00
0.57	1.00	100.00
0.64	8.00	88.46
8.06	4.00	88.89
7.07	10.00	92.45
6.52	4.00	80.77
7.36	4.00	94.74
1.84	3.00	100.00
5.30	0.00	80.00
6.10	0.00	80.00
7.90	1.00	100.00
5.95	4.00	80.95
2.72	1.00	80.00
3.92	2.00	87.10
3.52	4.00	96.67
0.17	1.00	100.00
8.13	5.00	97.83
3.77	0.00	100.00
2.30	1.00	85.71
2.92	0.00	75.00
3.59	1.00	93.55
4.48	3.00	100.00
6.91	3.00	83.33
6.71	9.00	90.32
2.46	2.00	83.33
8.57	2.00	92.31
3.74	1.00	82.61
6.36	2.00	100.00
4.94	4.00	90.63
6.55	3.00	88.46
8.74	2.00	79.49
7.71	4.00	88.68
4.83	1.00	89.47
4.78	4.00	75.00
1.45	3.00	90.91
5.60	2.00	90.00
3.15	7.00	86.05
3.54	15.00	87.59
1.97	7.00	96.88
4.69	1.00	85.71
3.68	1.00	100.00
2.63	1.00	100.00
4.86	3.00	94.12
5.02	1.00	100.00
6.34	3.00	95.83
7.16	0.00	0.00
6.31	4.00	92.00
3.14	2.00	92.86
4.71	2.00	92.86
7.36	0.00	83.33
1.68	4.00	96.77
0.01	2.00	88.89
3.83	1.00	85.71
2.80	3.00	66.67
5.61	3.00	90.32
4.47	10.00	88.73
6.07	0.00	100.00
1.88	5.00	96.55
3.37	2.00	95.65
8.05	2.00	83.33
2.32	0.00	25.00
5.52	2.00	82.76
3.55	1.00	85.71
4.15	0.00	78.26
6.06	8.00	92.93
3.80	2.00	100.00
0.01	1.00	100.00
7.19	0.00	100.00
4.92	9.00	92.68
2.16	1.00	100.00
8.82	2.00	95.00
7.68	6.00	89.58
5.45	2.00	93.75
2.40	1.00	100.00
8.64	2.00	100.00
5.31	2.00	85.00
8.96	1.00	90.00
6.29	6.00	81.82
0.87	0.00	66.67
8.61	3.00	89.39
7.43	1.00	100.00
5.46	1.00	100.00
3.68	3.00	87.88
8.95	11.00	89.76
5.39	19.00	84.24
8.78	1.00	100.00
8.58	0.00	100.00
8.70	1.00	82.14
0.83	2.00	80.00
7.34	2.00	95.45
6.73	1.00	70.00
5.90	3.00	100.00
4.48	3.00	90.00
5.30	1.00	91.67
8.47	2.00	94.74
5.14	1.00	87.50
1.54	2.00	90.48
6.66	5.00	88.00
1.69	1.00	100.00
1.33	0.00	0.00
4.12	4.00	90.11
0.57	22.00	91.98
5.63	3.00	94.12
8.07	1.00	100.00
8.76	2.00	91.67
1.88	2.00	100.00
8.47	1.00	83.33
3.62	0.00	88.89
1.06	2.00	70.00
4.67	5.00	91.80
3.93	1.00	100.00
7.44	3.00	94.44
4.48	4.00	94.44
6.80	5.00	100.00
0.63	1.00	66.67
6.40	1.00	88.89
5.41	11.00	89.19
7.86	2.00	91.67
5.19	0.00	100.00
7.53	2.00	90.00
5.44	3.00	85.00
7.06	2.00	100.00
5.60	1.00	84.00
6.33	0.00	88.89
3.34	0.00	100.00
0.51	12.00	92.45
7.29	2.00	75.00
0.04	3.00	81.82
5.01	1.00	75.00
0.06	1.00	93.33
5.81	28.00	91.59
0.47	4.00	100.00
2.76	1.00	66.67
6.38	22.00	91.98
3.00	21.00	92.31
0.39	1.00	92.00
2.44	1.00	100.00
4.64	18.00	82.98
2.50	1.00	100.00
2.13	1.00	100.00
7.86	0.00	100.00
0.87	9.00	92.73
3.00	2.00	50.00
3.74	2.00	84.00
1.60	4.00	84.42
0.77	7.00	85.37
5.86	6.00	89.47
8.35	2.00	94.74
5.87	0.00	0.00
7.98	12.00	85.71
3.16	4.00	97.83
7.79	4.00	97.83
7.37	1.00	91.67
0.64	3.00	91.18
0.70	2.00	90.91
8.60	4.00	73.68
3.49	5.00	80.00
5.23	0.00	92.86
4.38	5.00	83.33
5.87	1.00	93.33
7.57	0.00	87.50
7.99	2.00	86.67
7.50	2.00	92.31
2.34	2.00	87.50
6.98	1.00	100.00
6.14	2.00	88.89
1.63	6.00	74.42
3.51	3.00	81.08
2.49	1.00	92.31
0.00	0.00	100.00
0.28	1.00	50.00
1.60	6.00	100.00
2.37	3.00	94.74
6.71	4.00	69.57
8.15	0.00	0.00
5.21	3.00	88.24
8.06	2.00	100.00
5.94	4.00	77.78
2.56	0.00	100.00
4.94	1.00	92.31
6.34	3.00	84.62
6.57	1.00	100.00
6.18	4.00	88.71
8.45	4.00	88.46
7.72	0.00	75.00
3.70	3.00	92.86
4.90	4.00	84.91
1.89	8.00	89.13
6.42	1.00	90.00
2.46	1.00	85.71
8.30	7.00	90.91
6.51	0.00	93.33
6.73	2.00	62.50
7.41	1.00	100.00
7.76	6.00	84.62
6.69	0.00	100.00
8.59	0.00	85.71
8.04	4.00	88.89
4.13	3.00	100.00
8.04	1.00	100.00
1.62	6.00	93.75
7.57	9.00	90.20
0.87	0.00	25.00
1.76	1.00	71.43
2.19	0.00	75.00
8.52	9.00	86.49
1.70	0.00	0.00
8.19	0.00	92.59
1.27	1.00	100.00
2.67	3.00	94.29
4.96	1.00	80.00
7.40	3.00	94.29
7.30	3.00	90.32
3.99	10.00	91.74
2.74	1.00	87.50
8.46	5.00	86.21
0.38	3.00	95.83
0.15	0.00	66.67
2.83	1.00	100.00
3.78	5.00	85.71
7.36	0.00	100.00
3.32	4.00	93.10
5.09	1.00	83.33
7.26	4.00	82.14
3.29	2.00	71.43
5.47	1.00	100.00
5.06	6.00	86.49
5.32	12.00	84.16
3.06	0.00	83.33
8.05	0.00	84.62
1.56	2.00	100.00
0.92	8.00	86.67
4.60	6.00	92.65
5.81	0.00	0.00
0.74	4.00	75.29
3.67	1.00	100.00
0.49	8.00	88.06
2.15	2.00	77.78
6.18	1.00	80.00
7.32	7.00	88.46
8.33	1.00	100.00
8.09	1.00	92.86
0.48	4.00	94.83
8.19	2.00	93.75
7.23	2.00	88.46
2.47	0.00	50.00
7.40	4.00	88.73
8.52	2.00	100.00
4.33	1.00	100.00
0.05	1.00	100.00
4.91	4.00	90.24
4.85	1.00	87.50
4.94	3.00	94.12
8.54	1.00	100.00
6.55	6.00	91.23
5.13	4.00	100.00
2.49	1.00	100.00
2.26	2.00	85.71
5.28	26.00	89.15
8.21	3.00	83.78
4.74	21.00	84.88
3.67	4.00	84.00
8.18	10.00	88.42
8.08	1.00	70.00
5.70	5.00	71.43
2.28	2.00	89.47
0.23	22.00	90.00
0.02	5.00	94.00
4.28	8.00	85.71
0.20	1.00	75.00
5.99	1.00	87.50
8.15	1.00	57.14
8.14	2.00	90.00
3.66	0.00	100.00
7.89	0.00	100.00
7.47	3.00	84.21
6.77	8.00	83.33
1.96	1.00	80.43
1.33	7.00	75.00
2.62	1.00	96.55
1.10	7.00	90.32
5.56	1.00	100.00
2.80	3.00	90.48
7.92	0.00	100.00
1.96	0.00	50.00
0.35	2.00	100.00
0.22	1.00	80.00
6.31	2.00	89.29
2.89	3.00	95.45
0.54	4.00	75.00
6.38	1.00	100.00
5.90	2.00	66.67
8.92	10.00	86.33
2.60	2.00	91.67
0.79	0.00	100.00
0.18	1.00	100.00
4.80	0.00	50.00
6.43	11.00	72.79
1.79	0.00	100.00
4.06	12.00	86.00
6.72	0.00	100.00
2.41	2.00	100.00
4.73	3.00	92.86
4.81	0.00	0.00
2.01	0.00	100.00
8.98	0.00	90.00
8.57	2.00	62.50
8.96	1.00	100.00
3.54	1.00	75.00
3.38	1.00	100.00
2.95	0.00	92.31
5.94	5.00	90.74
6.73	0.00	100.00
4.97	1.00	100.00
0.24	4.00	92.59
8.34	1.00	100.00
1.16	1.00	100.00
5.64	1.00	100.00
6.84	2.00	100.00
8.37	1.00	85.71
5.06	4.00	100.00
5.31	2.00	93.55
4.75	7.00	91.11
5.80	3.00	92.00
3.10	1.00	100.00
0.09	2.00	86.67
6.69	1.00	66.67
6.39	2.00	85.71
2.45	2.00	57.89
4.92	0.00	100.00
3.75	1.00	83.33
3.21	2.00	75.00
4.89	0.00	100.00
0.39	3.00	91.67
3.55	2.00	76.92
7.30	2.00	76.92
0.30	0.00	66.67
1.58	3.00	66.67
8.51	1.00	100.00
0.13	1.00	80.65
7.85	7.00	84.48
2.23	1.00	66.67
1.77	3.00	69.23
8.92	2.00	100.00
1.08	3.00	93.55
1.06	1.00	87.50
1.45	1.00	77.78
2.73	1.00	100.00
2.18	9.00	82.22
0.36	0.00	100.00
4.76	1.00	57.14
1.20	1.00	100.00
0.72	20.00	88.14
1.12	13.00	86.62
7.46	4.00	83.72
3.65	3.00	85.71
5.94	3.00	91.18
8.00	7.00	94.05
1.18	1.00	75.00
0.86	0.00	100.00
0.87	2.00	85.71
4.51	17.00	83.42
1.79	17.00	83.42
4.10	17.00	83.42
2.77	4.00	82.00
3.15	3.00	80.36
1.74	1.00	100.00
8.85	5.00	82.05
3.74	1.00	83.33
6.49	3.00	100.00
8.38	3.00	79.31
4.78	0.00	100.00
0.86	0.00	100.00
3.37	3.00	60.00
1.89	1.00	77.78
6.39	0.00	100.00
6.30	3.00	94.87
5.25	1.00	75.00
3.64	4.00	92.22
0.64	1.00	100.00
0.05	1.00	100.00
3.00	2.00	82.35
5.32	2.00	100.00
0.17	11.00	71.23
3.56	7.00	91.49
6.77	2.00	87.50
7.51	1.00	86.96
7.98	1.00	81.25
3.33	0.00	0.00
2.77	1.00	90.00
8.34	4.00	86.67
4.97	5.00	88.06
2.97	16.00	92.11
7.93	4.00	91.78
6.85	3.00	94.44
4.52	0.00	100.00
6.06	2.00	91.30
4.17	0.00	0.00
5.90	2.00	100.00
7.55	0.00	88.89
6.34	2.00	80.95
6.02	1.00	94.74
3.59	6.00	95.45
6.47	12.00	84.09
8.49	0.00	75.00
6.79	1.00	72.73
1.51	10.00	89.19
4.97	15.00	79.20
4.38	2.00	90.00
8.80	4.00	89.13
7.43	5.00	94.44
4.24	3.00	82.76
1.90	5.00	76.00
6.17	6.00	96.88
1.62	1.00	100.00
1.04	1.00	80.00
4.92	4.00	89.29
6.31	0.00	75.00
2.41	3.00	90.91
4.43	2.00	92.86
1.47	1.00	100.00
7.46	2.00	86.67
2.69	2.00	100.00
1.07	2.00	66.67
1.40	4.00	75.00
0.32	1.00	100.00
1.17	7.00	90.91
2.41	12.00	89.60
4.85	7.00	90.00
1.14	6.00	96.88
4.44	2.00	100.00
8.81	17.00	93.57
2.06	1.00	100.00
1.12	2.00	78.95
5.16	0.00	100.00
6.67	12.00	89.68
4.85	2.00	50.00
2.53	0.00	100.00
5.21	2.00	72.73
5.18	0.00	100.00
5.69	1.00	100.00
4.67	1.00	50.00
2.67	1.00	90.91
3.28	4.00	90.48
2.00	9.00	75.38
4.13	3.00	91.30
8.60	5.00	93.02
4.10	0.00	100.00
7.44	0.00	100.00
1.01	1.00	100.00
2.64	18.00	91.67
0.12	1.00	81.82
5.60	9.00	89.06
2.82	2.00	90.00
4.52	18.00	91.09
6.56	0.00	90.00
6.16	2.00	80.00
1.29	1.00	100.00
4.15	2.00	75.68
5.35	28.00	86.45
4.64	4.00	90.00
0.92	1.00	79.07
0.92	0.00	77.78
3.45	6.00	95.35
2.30	6.00	95.35
2.22	9.00	85.19
5.46	0.00	100.00
7.95	4.00	94.44
0.80	5.00	56.52
2.04	1.00	85.00
5.31	0.00	0.00
4.78	0.00	100.00
4.38	0.00	100.00
6.00	6.00	91.30
8.39	13.00	80.00
1.31	7.00	86.44
1.32	1.00	85.71
1.06	3.00	93.33
8.41	0.00	50.00
1.17	7.00	88.52
0.38	5.00	98.18
3.27	2.00	80.00
5.90	1.00	85.71
3.21	0.00	85.71
6.97	2.00	88.00
2.06	8.00	93.02
7.93	1.00	83.33
4.69	1.00	83.33
5.03	2.00	83.33
1.89	0.00	87.50
0.49	1.00	16.67
6.54	13.00	92.04
8.01	5.00	100.00
1.44	2.00	87.50
1.08	1.00	80.00
1.51	4.00	89.29
4.59	0.00	83.33
8.50	1.00	100.00
7.57	0.00	83.33
5.62	2.00	83.33
5.25	2.00	77.78
0.33	4.00	94.29
0.62	2.00	81.25
3.03	1.00	84.62
5.75	3.00	94.59
4.52	1.00	100.00
3.70	1.00	82.35
0.40	2.00	100.00
8.30	3.00	75.00
0.52	2.00	80.00
2.91	1.00	85.71
0.53	5.00	87.67
3.07	5.00	92.00
7.35	9.00	87.76
0.82	9.00	87.76
0.10	9.00	87.76
0.83	3.00	84.21
2.74	2.00	80.00
2.75	1.00	80.00
6.35	1.00	78.57
0.05	1.00	100.00
2.92	5.00	97.50
7.55	1.00	80.00
1.88	2.00	95.00
0.37	1.00	83.33
2.54	1.00	78.57
8.21	5.00	100.00
6.00	2.00	66.67
1.89	5.00	93.88
7.03	2.00	100.00
3.11	13.00	78.16
4.71	6.00	88.89
2.81	2.00	90.91
0.68	1.00	77.78
7.11	3.00	88.24
1.32	3.00	84.62
5.84	0.00	71.43
2.20	11.00	88.10
3.13	0.00	83.33
7.19	5.00	86.49
3.03	5.00	86.49
5.59	1.00	100.00
7.51	1.00	85.71
8.98	3.00	81.25
4.32	2.00	91.67
7.34	3.00	78.95
4.91	17.00	85.93
0.95	5.00	100.00
4.98	0.00	80.00
6.45	1.00	80.00
8.31	1.00	100.00
8.07	1.00	87.50
1.65	1.00	93.33
5.41	0.00	100.00
8.12	1.00	83.33
2.79	11.00	95.45
6.51	1.00	71.43
4.25	2.00	90.00
7.87	2.00	100.00
8.22	0.00	100.00
4.76	1.00	75.00
0.16	1.00	75.00
3.19	17.00	93.72
8.65	27.00	88.65
0.28	11.00	87.31
3.60	1.00	100.00
4.47	2.00	83.33
6.71	4.00	85.54
2.49	6.00	89.47
6.96	8.00	85.00
4.69	9.00	90.59
8.12	3.00	83.33
2.89	0.00	33.33
2.04	3.00	86.90
0.97	2.00	40.00
5.73	2.00	91.67
4.58	1.00	100.00
8.71	2.00	85.00
6.24	3.00	90.00
8.34	2.00	100.00
3.52	8.00	94.51
5.41	2.00	100.00
0.53	6.00	85.45
3.68	3.00	92.86
2.44	1.00	100.00
4.48	2.00	100.00
8.95	1.00	92.59
4.91	1.00	92.86
3.12	1.00	77.78
7.02	7.00	92.55
8.55	0.00	100.00
3.09	0.00	100.00
3.88	3.00	87.18
8.63	0.00	90.91
6.96	0.00	72.73
1.96	1.00	100.00
4.40	7.00	87.72
5.72	2.00	90.54
2.68	5.00	79.63
5.41	4.00	92.50
6.65	3.00	100.00
2.74	16.00	81.95
0.50	5.00	93.02
8.58	3.00	93.33
0.31	4.00	88.57
1.50	8.00	81.25
8.74	17.00	87.57
2.36	7.00	91.03
5.43	10.00	89.76
2.80	29.00	80.00
8.07	6.00	89.09
4.03	15.00	87.23
4.24	5.00	83.33
5.68	12.00	92.77
1.77	20.00	91.42
2.57	11.00	91.49
2.57	9.00	83.33
8.78	13.00	87.74
0.30	15.00	88.59
5.83	23.00	92.69
2.53	11.00	88.24
6.15	6.00	94.03
4.74	1.00	89.29
2.02	11.00	90.91
1.07	5.00	88.64
2.31	0.00	0.00
8.55	6.00	82.76
4.35	5.00	93.18
7.33	4.00	93.15
2.71	6.00	90.00
8.68	4.00	95.08
6.46	10.00	93.48
0.04	5.00	100.00
2.98	9.00	73.58
8.44	5.00	87.88
6.78	12.00	97.47
2.12	22.00	87.10
6.43	8.00	86.78
4.13	3.00	92.59
2.33	2.00	93.75
3.04	1.00	78.26
5.31	3.00	88.61
3.66	4.00	88.00
0.15	2.00	100.00
4.73	12.00	87.06
5.76	1.00	91.30
3.42	17.00	92.81
5.86	20.00	82.00
4.33	6.00	90.11
7.94	1.00	96.61
6.60	9.00	93.08
1.57	1.00	87.50
7.93	5.00	92.45
3.53	3.00	93.18
0.10	8.00	88.16
0.83	1.00	95.45
6.68	1.00	75.00
6.55	3.00	82.14
0.97	2.00	100.00
3.60	3.00	87.50
7.89	4.00	87.50
0.78	1.00	94.12
6.89	1.00	91.30
1.03	10.00	89.66
7.12	4.00	96.36
8.05	1.00	85.71
3.96	8.00	90.48
1.00	12.00	79.73
4.45	1.00	89.80
7.65	6.00	87.32
5.05	8.00	84.72
8.52	8.00	84.72
6.98	10.00	84.51
2.40	4.00	84.21
6.29	6.00	92.86
3.54	6.00	91.78
8.54	6.00	91.78
4.07	5.00	81.58
4.26	0.00	85.71
7.79	13.00	88.46
2.63	15.00	89.47
1.19	4.00	92.73
6.47	6.00	91.43
7.08	3.00	89.58
3.45	10.00	94.44
1.75	7.00	91.67
0.21	3.00	92.31
0.03	4.00	93.48
6.93	1.00	57.14
2.49	13.00	88.96
0.10	0.00	100.00
4.44	9.00	94.81
5.15	0.00	100.00
1.14	9.00	89.89
6.22	8.00	93.62
4.94	4.00	80.00
2.19	2.00	89.19
8.38	6.00	90.28
7.64	19.00	85.00
3.40	8.00	83.33
8.40	42.00	88.73
1.74	10.00	84.72
8.15	4.00	84.62
1.68	17.00	89.22
3.65	2.00	90.48
2.04	7.00	96.70
0.02	10.00	88.07
3.61	5.00	89.47
1.49	21.00	83.80
6.04	7.00	90.91
6.83	19.00	90.24
1.44	8.00	85.44
8.12	9.00	66.13
4.91	0.00	75.00
3.54	0.00	100.00
3.06	0.00	66.67
7.12	5.00	96.61
7.88	1.00	100.00
4.50	0.00	94.74
8.19	2.00	92.86
5.91	0.00	100.00
7.68	0.00	88.71
2.65	13.00	88.51
7.32	7.00	74.36
2.23	4.00	95.00
5.98	15.00	94.20
5.84	2.00	84.62
6.64	5.00	96.97
6.07	4.00	94.44
8.28	1.00	91.67
8.10	7.00	91.30
7.99	1.00	94.44
1.56	5.00	92.59
6.45	0.00	100.00
2.53	10.00	93.91
5.87	0.00	100.00
4.10	2.00	90.91
5.49	25.00	85.43
8.79	1.00	85.71
7.64	0.00	54.55
3.80	2.00	85.71
1.96	3.00	75.00
5.31	2.00	78.57
6.48	3.00	100.00
5.42	1.00	85.00
2.00	1.00	87.23
1.67	3.00	87.50
5.78	0.00	83.33
7.50	12.00	88.24
6.71	2.00	95.00
1.44	3.00	93.06
5.52	5.00	80.56
6.73	1.00	100.00
8.55	1.00	91.67
3.37	1.00	100.00
0.56	1.00	80.00
8.66	1.00	100.00
1.03	1.00	89.29
0.27	0.00	100.00
4.53	0.00	100.00
6.24	2.00	73.08
8.59	1.00	89.47
7.58	2.00	75.00
5.13	1.00	83.33
4.72	0.00	83.33
1.80	9.00	86.11
1.13	2.00	80.00
4.58	2.00	64.00
6.67	2.00	100.00
3.81	0.00	80.00
0.91	3.00	93.33
8.88	3.00	90.00
5.35	3.00	82.61
6.97	4.00	87.69
1.69	0.00	100.00
3.62	7.00	94.12
1.26	1.00	100.00
8.96	2.00	89.47
3.29	1.00	75.00
7.44	0.00	100.00
3.70	5.00	82.14
1.79	14.00	87.80
0.09	11.00	76.74
1.80	1.00	71.43
1.65	3.00	92.86
8.46	19.00	86.36
3.84	19.00	86.36
6.06	19.00	86.36
1.59	1.00	81.82
3.75	2.00	83.78
0.38	5.00	100.00
0.70	5.00	100.00
5.30	2.00	90.24
6.82	17.00	91.35
7.96	0.00	80.65
6.72	2.00	88.00
2.42	9.00	83.33
0.13	2.00	87.50
7.33	1.00	95.00
6.33	1.00	86.67
0.69	1.00	92.86
0.62	1.00	85.71
5.22	1.00	100.00
6.12	4.00	82.81
0.19	0.00	83.33
6.96	7.00	90.00
3.41	4.00	76.00
8.01	15.00	86.72
1.15	4.00	83.78
7.72	6.00	90.57
5.43	9.00	87.50
6.98	2.00	96.15
8.66	17.00	84.25
3.89	7.00	91.67
2.77	40.00	90.85
8.74	3.00	100.00
2.01	5.00	77.78
4.64	19.00	92.44
3.63	8.00	92.31
0.43	3.00	87.23
5.89	8.00	94.12
4.93	14.00	89.77
5.34	0.00	55.56
5.56	0.00	100.00
0.40	3.00	89.29
0.09	1.00	90.00
2.60	2.00	95.92
0.44	2.00	100.00
4.25	16.00	94.90
1.37	2.00	87.32
8.42	7.00	92.31
3.27	2.00	77.78
3.84	8.00	81.82
7.16	4.00	97.01
0.08	9.00	93.88
4.00	1.00	95.45
3.35	7.00	88.24
7.11	21.00	91.19
1.47	18.00	87.70
3.64	7.00	92.05
5.54	4.00	86.96
0.31	10.00	90.00
1.00	11.00	80.85
2.75	9.00	90.51
7.46	7.00	85.92
2.42	57.00	81.67
0.99	3.00	85.71
8.06	8.00	83.52
2.30	35.00	86.25
6.35	15.00	81.82
1.55	6.00	92.50
8.45	4.00	83.75
5.80	8.00	97.50
0.55	1.00	88.89
2.09	3.00	78.79
5.93	4.00	97.56
0.80	14.00	81.98
2.78	4.00	95.00
5.59	12.00	94.63
0.49	5.00	98.00
1.41	2.00	70.00
1.59	4.00	92.50
0.42	10.00	94.12
1.10	3.00	94.74
4.86	3.00	94.44
8.19	9.00	92.52
2.35	18.00	88.10
4.55	5.00	92.31
3.69	0.00	100.00
4.78	3.00	89.80
8.44	9.00	86.57
7.82	32.00	87.64
7.15	6.00	90.48
1.13	8.00	86.54
6.41	22.00	89.68
7.55	5.00	84.76
1.57	6.00	84.62
8.92	2.00	84.09
8.40	14.00	88.51
0.06	15.00	91.12
0.70	12.00	91.84
6.57	10.00	92.16
6.12	1.00	100.00
2.88	13.00	85.07
3.66	1.00	100.00
7.62	5.00	61.29
8.41	3.00	91.94
7.14	1.00	66.67
6.98	2.00	70.00
8.50	0.00	100.00
6.86	12.00	88.36
8.26	0.00	100.00
4.62	3.00	86.89
4.34	3.00	86.11
7.94	16.00	87.70
2.00	1.00	100.00
6.59	11.00	91.86
5.90	4.00	0.00
1.55	1.00	60.00
0.51	2.00	95.83
4.01	13.00	99.07
4.81	2.00	86.36
6.64	2.00	70.00
2.97	7.00	90.32
0.41	10.00	93.66
1.34	3.00	83.33
1.24	6.00	86.81
6.51	9.00	82.35
2.76	0.00	50.00
7.63	11.00	91.43
8.39	2.00	100.00
2.40	6.00	77.78
7.68	12.00	94.29
6.72	10.00	89.74
3.21	5.00	84.91
5.50	3.00	88.00
1.91	3.00	85.19
2.79	4.00	87.80
3.35	7.00	85.96
0.01	12.00	89.90
2.87	1.00	75.00
7.70	4.00	81.48
2.41	3.00	94.44
6.53	5.00	71.43
6.60	10.00	88.49
8.47	1.00	100.00
2.91	0.00	75.00
5.33	7.00	97.18
0.79	3.00	85.00
0.32	4.00	91.75
7.86	2.00	91.30
2.82	4.00	89.47
0.58	6.00	87.30
4.37	4.00	73.33
3.58	3.00	92.68
1.15	15.00	90.70
8.79	13.00	93.71
1.59	10.00	95.96
1.39	6.00	93.44
4.06	2.00	85.71
7.20	8.00	94.12
2.69	4.00	84.31
7.16	9.00	97.22
5.50	2.00	100.00
5.52	13.00	91.28
2.34	2.00	72.22
1.66	20.00	91.78
8.22	8.00	94.32
7.92	14.00	80.85
3.77	0.00	100.00
4.89	0.00	25.00
3.36	9.00	89.36
8.10	4.00	90.63
0.50	6.00	85.94
6.25	10.00	91.92
1.13	11.00	91.40
1.93	24.00	89.67
4.36	13.00	94.17
8.73	17.00	91.63
1.68	5.00	94.59
6.92	4.00	85.71
5.03	7.00	93.10
1.93	1.00	83.33
7.98	3.00	93.55
1.01	21.00	87.88
7.94	14.00	87.33
6.77	4.00	82.22
3.73	13.00	94.85
6.24	12.00	80.56
3.13	2.00	92.31
0.30	2.00	69.23
5.63	2.00	95.00
0.48	6.00	79.69
1.90	4.00	94.29
0.34	2.00	80.00
6.71	19.00	94.51
5.06	4.00	84.62
3.08	1.00	85.71
2.10	0.00	100.00
6.17	2.00	90.00
8.26	1.00	87.50
4.71	6.00	88.89
5.12	1.00	95.00
6.79	11.00	94.44
1.92	13.00	94.23
2.70	1.00	100.00
1.34	5.00	83.33
7.87	2.00	90.91
6.12	1.00	90.91
7.66	0.00	0.00
7.00	3.00	96.00
0.70	17.00	83.81
4.13	6.00	94.12
3.03	16.00	92.59
0.35	5.00	98.39
2.97	13.00	90.77
7.91	2.00	92.00
7.99	11.00	86.78
8.72	4.00	97.56
4.62	8.00	93.68
4.10	14.00	89.69
8.63	12.00	90.91
5.00	1.00	75.68
0.58	11.00	89.87
2.46	13.00	82.93
3.29	11.00	93.88
8.38	8.00	97.65
7.48	6.00	78.18
0.32	6.00	89.66
8.36	5.00	93.75
7.36	9.00	84.62
6.46	6.00	89.66
8.28	11.00	86.05
4.66	6.00	84.75
8.70	12.00	82.50
8.87	10.00	83.33
8.67	3.00	73.53
1.24	25.00	83.33
2.15	16.00	85.84
1.28	8.00	85.00
2.30	18.00	80.41
4.06	9.00	87.18
1.62	8.00	88.46
3.86	9.00	93.44
4.88	9.00	85.10
7.82	0.00	100.00
8.84	23.00	86.64
6.17	0.00	89.47
4.54	1.00	100.00
6.69	2.00	86.96
8.91	0.00	50.00
7.86	4.00	88.24
1.71	0.00	100.00
6.29	7.00	86.67
5.29	12.00	94.53
8.23	18.00	89.16
3.42	8.00	90.12
5.19	7.00	88.89
8.47	0.00	100.00
5.86	20.00	88.57
0.05	2.00	100.00
1.81	2.00	86.54
4.70	2.00	86.54
6.52	10.00	97.14
7.46	0.00	100.00
5.85	7.00	84.91
7.87	6.00	77.66
1.29	7.00	92.77
1.17	14.00	90.71
5.15	1.00	92.86
3.94	0.00	100.00
5.78	12.00	88.89
7.39	9.00	75.20
2.00	6.00	93.55
3.65	9.00	75.51
7.82	6.00	89.58
8.88	8.00	90.28
6.14	2.00	83.33
4.50	11.00	91.14
0.79	0.00	85.71
8.18	7.00	90.43
7.40	3.00	88.89
4.06	0.00	82.35
0.42	6.00	90.24
0.15	2.00	96.43
4.66	8.00	88.24
3.56	4.00	96.97
5.58	24.00	78.57
7.16	10.00	88.89
0.18	21.00	85.29
4.08	4.00	87.80
6.30	8.00	92.21
1.15	4.00	96.43
2.33	4.00	91.67
8.90	6.00	91.80
5.80	11.00	90.00
4.09	7.00	80.70
6.87	17.00	85.48
8.67	6.00	86.11
5.42	5.00	91.67
4.17	16.00	90.38
6.55	3.00	76.47
8.76	4.00	100.00
7.66	7.00	89.83
1.80	27.00	92.53
1.91	3.00	94.29
7.01	27.00	91.39
6.33	6.00	92.31
3.82	6.00	84.91
0.04	9.00	86.15
8.95	12.00	90.48
6.46	13.00	97.24
5.24	1.00	81.48
5.14	11.00	94.52
4.97	4.00	84.06
6.31	12.00	83.87
6.92	9.00	88.82
2.32	26.00	82.20
5.00	5.00	100.00
3.31	7.00	77.57
3.08	5.00	93.55
5.01	5.00	95.00
9.00	7.00	92.68
0.10	7.00	95.70
8.63	6.00	93.10
4.46	7.00	86.79
8.67	5.00	86.36
5.16	29.00	86.45
5.49	7.00	89.19
1.32	5.00	89.23
4.48	21.00	89.61
6.09	7.00	84.88
8.24	2.00	86.96
5.75	13.00	80.71
6.30	16.00	86.67
0.02	13.00	94.23
6.15	10.00	88.74
8.45	6.00	94.23
7.11	0.00	100.00
5.01	5.00	97.62
1.18	7.00	79.31
6.59	5.00	100.00
0.75	14.00	92.99
2.46	30.00	83.62
5.57	5.00	92.31
6.31	9.00	87.78
4.23	16.00	78.57
7.53	2.00	96.61
7.85	2.00	75.00
2.55	2.00	85.71
1.54	2.00	100.00
1.32	26.00	91.83
5.97	6.00	90.24
0.99	4.00	100.00
4.66	6.00	95.89
6.01	2.00	100.00
0.44	4.00	93.18
7.53	26.00	92.49
1.11	2.00	92.68
7.72	7.00	93.26
0.64	15.00	89.13
3.01	11.00	80.26
1.27	6.00	100.00
0.32	7.00	85.71
1.77	4.00	91.67
1.30	14.00	89.60
3.76	10.00	89.47
3.18	16.00	90.12
0.43	2.00	100.00
7.86	3.00	80.65
5.34	2.00	84.00
4.03	24.00	87.97
3.58	17.00	90.95
5.19	30.00	86.22
0.09	15.00	89.24
0.85	7.00	81.32
4.43	14.00	82.98
4.55	12.00	91.89
8.74	15.00	81.67
4.53	11.00	92.50
5.53	7.00	79.52
5.47	6.00	88.57
1.91	18.00	89.51
2.62	6.00	88.00
2.75	10.00	80.28
2.10	3.00	86.67
4.33	4.00	85.42
0.56	1.00	90.00
8.38	9.00	94.59
6.09	1.00	94.12
0.07	15.00	87.50
4.81	14.00	90.98
7.11	6.00	95.35
2.79	4.00	89.66
5.73	3.00	96.77
4.24	11.00	88.31
0.29	8.00	94.74
6.88	1.00	100.00
4.89	8.00	90.24
2.32	11.00	90.91
5.08	6.00	88.68
8.69	7.00	75.56
5.91	3.00	92.59
1.59	5.00	95.56
0.26	13.00	93.88
3.61	8.00	98.28
6.14	4.00	100.00
0.25	3.00	90.63
4.81	3.00	94.29
8.52	6.00	82.42
2.55	5.00	91.23
3.69	2.00	89.13
2.94	3.00	96.55
2.01	0.00	77.78
1.41	7.00	96.77
5.87	9.00	91.80
2.49	7.00	93.33
0.01	4.00	100.00
4.12	3.00	89.29
5.05	2.00	96.15
4.87	11.00	85.34
4.31	14.00	83.87
1.63	11.00	95.54
4.05	14.00	91.72
1.71	7.00	96.05
6.49	20.00	93.94
2.77	2.00	89.19
0.36	4.00	92.50
3.73	6.00	97.87
1.89	12.00	94.31
3.72	7.00	76.60
2.44	12.00	82.93
1.46	7.00	83.67
1.66	26.00	90.86
7.83	20.00	92.72
2.32	3.00	87.04
8.89	12.00	91.50
0.71	6.00	74.00
1.53	6.00	89.29
2.95	14.00	77.01
7.36	19.00	90.40
4.16	6.00	83.33
1.62	7.00	82.61
4.78	10.00	93.75
7.50	6.00	84.78
7.61	14.00	82.88
6.37	12.00	96.43
6.92	4.00	95.00
0.18	6.00	86.67
3.56	6.00	82.46
4.17	14.00	89.51
7.12	2.00	100.00
0.90	3.00	87.50
3.08	3.00	92.31
5.07	6.00	88.61
6.69	12.00	82.35
1.06	9.00	88.29
4.69	8.00	79.79
7.03	9.00	90.79
2.14	7.00	90.32
2.66	22.00	84.80
3.35	5.00	92.00
3.29	12.00	85.34
1.37	7.00	79.17
4.22	16.00	82.03
5.88	4.00	88.24
4.49	6.00	90.00
5.75	15.00	90.23
4.17	16.00	82.39
6.82	20.00	77.06
1.06	4.00	86.67
7.87	2.00	94.44
0.33	8.00	90.74
7.96	14.00	88.29
5.57	12.00	86.87
2.03	7.00	83.95
6.05	8.00	91.67
4.85	14.00	84.81
6.22	5.00	84.00
1.14	10.00	85.07
5.23	8.00	80.43
3.19	10.00	90.63
5.74	3.00	86.49
0.01	9.00	85.11
0.26	1.00	77.78
6.18	8.00	94.49
1.78	2.00	84.85
0.33	10.00	88.80
6.29	2.00	90.00
1.99	5.00	92.98
7.28	10.00	88.37
2.11	6.00	94.90
4.19	9.00	90.38
7.88	6.00	90.91
3.04	6.00	81.93
3.99	8.00	95.71
5.23	8.00	100.00
7.10	16.00	88.31
1.93	4.00	89.72
8.00	7.00	97.56
7.66	6.00	83.87
2.21	8.00	97.06
4.76	9.00	92.96
8.83	8.00	57.89
7.75	7.00	75.71
7.79	14.00	87.84
4.59	4.00	97.01
7.14	26.00	87.80
0.67	6.00	93.94
3.02	9.00	73.44
1.20	14.00	90.91
7.08	20.00	88.89
5.40	9.00	89.12
8.83	6.00	91.80
8.35	7.00	92.94
0.72	11.00	79.73
7.22	7.00	77.42
0.97	4.00	91.21
3.76	8.00	90.65
3.39	8.00	88.89
6.75	9.00	91.43
0.39	7.00	87.10
7.31	16.00	90.12
3.88	17.00	91.50
3.42	8.00	85.71
2.27	5.00	76.32
1.36	7.00	70.59
2.99	7.00	91.82
5.24	10.00	85.71
2.56	3.00	91.11
8.11	8.00	86.76
4.23	7.00	93.06
8.77	2.00	78.38
5.42	7.00	80.95
3.81	5.00	84.85
8.66	0.00	86.67
1.19	3.00	86.11
8.46	14.00	92.00
4.03	1.00	93.55
7.17	2.00	86.96
1.58	0.00	100.00
4.10	13.00	93.05
7.24	4.00	92.59
2.21	2.00	88.89
8.70	5.00	85.19
8.55	3.00	90.91
7.15	24.00	93.59
0.88	6.00	90.70
5.59	10.00	92.16
2.05	17.00	88.10
4.11	5.00	78.38
5.35	18.00	86.24
5.78	6.00	80.00
2.29	14.00	90.99
0.55	5.00	100.00
3.04	1.00	88.24
0.50	1.00	82.61
6.96	15.00	87.18
5.90	7.00	90.48
6.49	27.00	89.53
7.71	4.00	87.50
6.50	3.00	91.43
7.41	6.00	80.00
4.70	4.00	86.05
5.16	5.00	91.84
5.76	5.00	100.00
1.24	3.00	85.71
4.01	5.00	93.33
7.26	19.00	86.90
3.43	5.00	94.87
4.40	27.00	87.42
1.26	8.00	91.89
3.23	3.00	100.00
0.98	8.00	82.46
5.31	5.00	97.67
5.89	9.00	93.46
3.80	5.00	88.46
1.71	52.00	73.08
5.11	13.00	79.79
2.65	28.00	81.82
3.17	6.00	92.59
5.79	5.00	89.02
7.68	5.00	100.00
3.39	9.00	79.07
7.11	4.00	71.43
1.90	7.00	81.48
2.77	7.00	94.29
1.24	14.00	92.77
0.07	24.00	87.38
2.60	5.00	96.67
6.92	3.00	84.62
2.76	1.00	91.67
1.31	48.00	78.03
6.58	11.00	87.67
0.46	16.00	87.79
3.23	2.00	80.00
0.07	1.00	96.43
5.85	4.00	94.03
6.82	6.00	78.38
4.51	9.00	93.43
8.80	8.00	86.17
0.20	12.00	77.78
7.77	5.00	97.62
0.88	8.00	91.67
5.72	12.00	96.91
3.23	19.00	90.32
3.30	8.00	82.61
2.28	4.00	81.82
8.32	3.00	91.67
4.79	10.00	90.74
1.43	5.00	88.68
1.83	11.00	90.22
8.71	11.00	93.37
8.85	4.00	81.63
8.24	7.00	85.51
8.20	3.00	88.10
3.97	3.00	94.44
8.37	5.00	86.67
5.22	6.00	93.75
6.34	2.00	85.71
8.90	11.00	87.32
0.04	5.00	66.22
6.35	9.00	88.15
4.01	11.00	90.38
4.67	3.00	65.22
8.74	10.00	98.28
4.04	13.00	89.74
4.81	13.00	94.05
5.90	19.00	86.49
7.14	6.00	86.21
4.76	5.00	85.19
3.28	3.00	97.56
4.03	12.00	80.17
0.12	3.00	97.96
1.66	6.00	87.50
3.84	6.00	86.36
1.66	11.00	90.77
1.43	5.00	94.87
2.76	4.00	93.55
1.51	5.00	97.14
2.36	8.00	95.83
5.87	2.00	88.00
2.81	5.00	95.83
3.91	3.00	86.11
7.36	4.00	90.91
2.51	5.00	95.65
2.33	8.00	76.19
4.74	9.00	86.21
7.81	19.00	94.68
2.67	3.00	89.36
4.57	7.00	94.34
3.64	6.00	91.30
8.65	6.00	95.00
1.03	6.00	80.56
4.24	7.00	75.00
2.99	7.00	75.00
0.09	5.00	93.22
1.18	10.00	88.12
1.75	11.00	91.46
6.04	9.00	94.37
1.85	7.00	89.80
5.25	4.00	92.68
3.63	7.00	88.75
1.38	8.00	88.61
4.43	7.00	87.93
6.55	15.00	85.53
7.70	10.00	82.18
7.80	9.00	89.47
6.02	0.00	75.00
8.25	1.00	87.50
1.67	10.00	90.00
5.83	12.00	88.36
6.48	15.00	83.33
5.27	6.00	96.77
5.75	6.00	90.72
2.17	17.00	91.67
7.30	9.00	88.64
2.88	6.00	95.89
2.39	3.00	86.67
3.68	7.00	92.11
6.81	4.00	79.59
5.80	18.00	85.92
6.76	26.00	87.23
8.44	10.00	88.76
6.26	20.00	90.32
0.77	5.00	91.67
7.79	10.00	90.57
5.78	3.00	97.37
8.24	5.00	98.21
5.45	4.00	92.42
4.42	3.00	87.50
3.04	11.00	91.55
8.00	17.00	88.44
7.94	7.00	95.16
6.61	5.00	75.00
0.12	5.00	81.25
3.98	24.00	83.43
4.95	4.00	82.76
2.37	8.00	81.71
3.51	8.00	82.61
1.25	21.00	86.79
2.33	7.00	92.11
6.45	6.00	95.08
8.47	3.00	95.00
4.42	3.00	95.00
2.57	7.00	88.64
8.67	5.00	96.30
6.61	3.00	96.55
8.13	2.00	96.00
4.92	12.00	98.11
2.32	5.00	79.41
3.64	10.00	96.30
4.47	11.00	90.20
8.01	5.00	93.48
1.63	3.00	80.77
3.65	3.00	89.66
5.14	17.00	94.93
5.21	10.00	93.85
2.59	13.00	91.74
3.34	2.00	83.78
4.58	8.00	95.52
6.95	11.00	89.25
0.52	10.00	87.01
2.23	5.00	88.00
0.73	12.00	78.76
4.86	11.00	83.51
4.96	6.00	91.04
3.29	4.00	78.26
6.15	13.00	86.21
8.63	5.00	94.29
6.82	5.00	89.16
6.64	13.00	84.52
4.72	7.00	88.68
4.96	22.00	93.49
2.07	11.00	89.13
8.19	9.00	85.51
3.82	6.00	86.67
7.07	6.00	92.11
4.34	8.00	79.34
7.34	6.00	88.89
4.43	16.00	91.13
2.81	9.00	85.71
2.82	6.00	83.78
5.40	25.00	86.11
1.58	11.00	88.00
4.15	3.00	91.67
6.49	2.00	96.30
4.29	8.00	89.71
6.16	7.00	94.95
5.35	12.00	91.54
7.87	16.00	88.07
3.06	6.00	92.31
2.54	5.00	93.22
2.06	6.00	89.80
4.41	2.00	92.86
0.89	9.00	88.99
5.95	7.00	90.00
6.15	10.00	89.74
5.03	4.00	96.15
3.98	12.00	90.00
4.92	6.00	89.29
6.30	19.00	90.80
1.41	19.00	93.53
8.82	8.00	89.39
2.96	1.00	100.00
6.55	6.00	87.50
7.03	11.00	90.54
4.09	5.00	89.23
8.70	5.00	88.64
3.55	2.00	75.00
8.12	25.00	92.61
4.58	15.00	94.74
7.91	16.00	95.05
8.39	9.00	88.16
7.90	7.00	82.31
4.15	4.00	84.21
5.94	6.00	85.45
4.31	6.00	88.89
0.24	10.00	90.48
6.16	4.00	88.89
6.10	8.00	86.67
3.46	8.00	91.11