1	1	-1	4.9999999999999885
2	1	1	4.9999999999999964
3	1	0	5.915266647683359
4	1	-1	4.999999999999997
5	1	1	3.4180791671240542
6	1	1	4.9999999999999964
7	1	-1	7.870467007058901
8	1	0	5.877192982456141
9	1	0	4.999999999999989
10	1	1	6.999999999999993
11	1	1	9.219632107023326
12	1	0	4.9999999999999964
13	1	1	9.184056514344125
14	1	1	8.618286299499202
15	1	-1	5.915266647683359
16	1	1	6.999999999999995
17	1	1	9.180104412209227
18	1	0	4.9999999999999964
19	1	0	4.9999999999999964
20	1	0	5.915266647683359
21	1	-1	5.915266647683359
22	1	1	9.19540949984045
23	1	1	5.915266647683359
24	1	0	5.928062428149366
25	1	1	6.999999999999993
26	1	1	6.999999999999993
27	1	1	5.915266647683359
28	1	1	5.915266647683359
29	1	1	6.999999999999993
30	1	1	4.999999999999997
31	1	0	6.999999999999993
32	1	1	5.915266647683359
33	1	-1	4.9999999999999964
34	1	0	5.915266647683359
35	1	1	8.618286299499202
36	1	1	4.9999999999999964
37	1	1	4.9999999999999964
38	1	0	7.788070509511534
39	1	1	7.81936573032093
40	1	1	5.915266647683359
41	1	0	5.915266647683359
42	1	0	5.915266647683359
43	1	0	4.9999999999999964
44	1	1	5.915266647683359
45	1	1	9.197580377404488
46	1	1	6.999999999999985
47	1	1	8.587048586844624
48	1	1	5.915266647683359
49	1	1	6.999999999999982
50	1	1	6.999999999999993
51	1	0	5.000000000000001
52	1	-1	4.999999999999999
53	1	0	1.7593865905848873
54	1	1	6.999999999999993
55	1	1	5.915266647683359
56	1	1	4.9999999999999964
57	1	0	4.9999999999999964
58	1	1	6.999999999999992
59	1	1	5.915266647683359
60	1	0	4.9999999999999964
61	1	1	4.9999999999999964
62	1	1	4.999999999999993
63	1	1	5.915266647683359
64	1	1	9.16009118541022
65	1	0	5.915266647683359
66	1	1	5.947593948266195
67	1	1	7.000000000000001
68	1	1	5.915266647683359
69	1	0	1.7593865905848873
70	1	1	5.915266647683359
71	1	1	7.000000000000003
72	1	1	4.999999999999989
73	1	1	9.195157433973272
74	1	1	5.915266647683359
75	1	1	4.999999999999993
76	1	0	7.000000000000001
77	1	1	9.164238779161549
78	1	-1	7.7869823747487645
79	1	1	4.999999999999997
80	1	1	4.9999999999999964
81	1	1	5.915266647683359
82	1	1	6.999999999999996
83	1	1	4.99999999999999
84	1	1	4.9999999999999964
85	1	0	4.999999999999999
86	1	1	4.9999999999999964
87	1	1	5.941999027804557
88	1	1	5.915266647683359
89	1	1	9.207464507827329
90	1	1	5.915266647683359
91	1	1	6.999999999999987
92	1	1	6.999999999999982
93	1	1	5.915266647683359
94	1	1	4.9999999999999964
95	1	1	9.154181590567857
96	1	0	5.915266647683359
97	1	0	1.7593865905848873
98	1	0	4.9999999999999964
99	1	1	5.915266647683359
100	1	1	5.915266647683359
101	1	0	4.999999999999996
102	1	1	5.915266647683359
103	1	1	4.9999999999999964
104	1	1	4.999999999999995
105	1	0	4.999999999999998
106	1	0	4.9999999999999964
107	1	1	7.860773652666483
108	1	1	9.19998969874627
109	1	1	9.199734094314653
110	1	1	9.208195553400268
111	1	1	7.7869823747487645
112	1	1	6.999999999999993
113	1	1	6.999999999999993
114	1	1	5.915266647683359
115	1	1	5.915266647683359
116	1	0	4.9999999999999964
117	1	-1	8.602844981804848
118	1	1	5.915266647683359
119	1	1	5.915266647683359
120	1	1	4.9999999999999964
121	1	1	5.915266647683359
122	1	1	7.808764914262504
123	1	0	4.9999999999999964
124	1	1	5.915266647683359
125	1	1	5.915266647683359
126	1	1	5.915266647683359
127	1	1	4.999999999999995
128	1	1	5.915266647683359
129	1	-1	5.915266647683359
130	1	1	7.7869823747487645
131	1	0	5.915266647683359
132	1	1	5.915266647683359
133	1	1	7.663327190501208
134	1	0	1.7593865905848873
135	1	1	9.219632107023326
136	1	0	8.618286299499202
137	1	1	7.7869823747487645
138	1	0	4.999999999999997
139	1	1	7.787604161634838
140	1	1	9.20564672645765
141	1	1	5.000000000000001
142	1	1	4.9999999999999964
143	1	0	4.9999999999999964
144	1	1	7.7869823747487645
145	1	1	4.9999999999999964
146	1	1	5.915266647683359
147	1	1	4.9999999999999964
148	1	0	4.9999999999999964
149	1	0	3.4180791671240542
150	1	0	5.915266647683359
151	1	0	4.9999999999999964
152	1	1	5.915266647683359
153	1	-1	5.915266647683359
154	1	-1	4.9999999999999964
155	1	0	5.915266647683359
156	1	-1	6.999999999999997
157	1	0	6.754161911473097
158	1	0	3.9547981078171324
159	1	1	4.9999999999999964
160	1	0	4.9999999999999964
161	1	1	6.999999999999993
162	1	1	9.211791944323526
163	1	1	4.9999999999999964
164	1	1	8.524864337826386
165	1	1	7.000000000000003
166	1	1	7.884408540763702
167	1	0	5.915266647683359
168	1	0	4.9999999999999964
169	1	1	5.915266647683359
170	1	0	7.7869823747487645
171	1	1	4.9999999999999964
172	1	0	5.915266647683359
173	1	1	7.7869823747487645
174	1	1	7.788802173344474
175	1	1	7.7869823747487645
176	1	1	7.860773652666483
177	1	0	5.915266647683359
178	1	1	9.209932531879566
179	1	1	4.999999999999997
180	1	1	5.950913317495351
181	1	0	4.9999999999999964
182	1	0	4.9999999999999964
183	1	1	6.999999999999993
184	1	0	4.9999999999999964
185	1	1	4.9999999999999964
186	1	1	4.999999999999996
187	1	0	6.999999999999993
188	1	0	4.999999999999996
189	1	0	8.618286299499202
190	1	1	4.9999999999999964
191	1	1	5.915266647683359
192	1	1	4.9999999999999964
193	1	1	5.9179774435617984
194	1	1	6.999999999999993
195	1	0	7.0
196	1	1	4.999999999999995
197	1	1	5.915266647683359
198	1	0	4.999999999999997
199	1	1	4.9999999999999964
200	1	1	4.9999999999999964
201	1	0	5.915266647683359
202	1	1	6.999999999999993
203	1	0	4.9999999999999964
204	1	1	4.9999999999999964
205	1	1	6.999999999999993
206	1	1	4.9999999999999964
207	1	1	9.202217578089238
208	1	1	4.9999999999999964
209	1	0	5.915266647683359
210	1	1	4.999999999999997
211	1	0	4.9999999999999964
212	1	1	5.0
213	1	1	4.999999999999999
214	1	1	7.788757039188937
215	1	0	4.999999999999997
216	1	0	5.915266647683359
217	1	1	4.9999999999999964
218	1	1	5.915266647683359
219	1	0	4.999999999999999
220	1	1	5.915266647683359
221	1	1	7.876825423958758
222	1	1	4.9999999999999964
223	1	1	4.999999999999997
224	1	1	4.9999999999999964
225	1	0	5.915266647683359
226	1	1	9.219632107023326
227	1	1	5.915266647683359
228	1	1	9.139216233950867
229	1	1	5.915266647683359
230	1	1	9.219632107023326
231	1	1	9.219632107023326
232	1	1	8.467216069590442
233	1	1	6.999999999999993
234	1	0	4.999999999999989
235	1	0	3.9547981078171324
236	1	1	6.999999999999993
237	1	1	5.915266647683359
238	1	1	5.915266647683359
239	1	1	7.8070401206379225
240	1	0	9.14689037462815
241	1	0	4.9999999999999964
242	1	1	5.915266647683359
243	1	0	5.915266647683359
244	1	1	5.934519326679884
245	1	1	7.791455087228761
246	1	1	6.999999999999993
247	1	1	9.195208022191244
248	1	1	7.878852369368867
249	1	1	5.915266647683359
250	1	-1	5.915266647683359
251	1	1	5.915266647683359
252	1	1	4.9999999999999964
253	1	1	6.9999999999999964
254	1	0	1.7593865905848873
255	1	0	4.263779945385851
256	1	1	6.999999999999993
257	1	0	4.999999999999993
258	1	1	5.915266647683359
259	1	1	7.787038994851141
260	1	-1	6.999999999999993
261	1	1	7.7869823747487645
262	1	1	5.915266647683359
263	1	0	5.915266647683359
264	1	0	4.99999999999999
265	1	0	7.000000000000003
266	1	1	7.7869823747487645
267	1	0	5.915266647683359
268	1	0	5.915266647683359
269	1	0	4.9999999999999964
270	1	1	5.915266647683359
271	1	0	4.9999999999999964
272	1	0	5.915266647683359
273	1	1	6.999999999999992
274	1	-1	4.9999999999999964
275	1	0	5.915266647683359
276	1	1	5.915266647683359
277	1	1	4.9999999999999964
278	1	1	7.800308946298681
279	1	1	5.915266647683359
280	1	0	5.915266647683359
281	1	1	4.9999999999999964
282	1	0	9.16371781302819
283	1	1	5.930504580477514
284	1	0	4.999999999999997
285	1	1	8.539572086256909
286	1	1	6.999999999999993
287	1	1	5.915266647683359
288	1	-1	5.94006008623394
289	1	1	5.915266647683359
290	1	0	5.915266647683359
291	1	1	4.9999999999999964
292	1	1	5.915266647683359
293	1	1	9.157493573779352
294	1	1	5.915266647683359
295	1	-1	5.000000000000001
296	1	0	3.9547981078171324
297	1	0	4.9999999999999964
298	1	0	5.915266647683359
299	1	1	9.18411221804971
300	1	1	4.9999999999999964
301	1	1	5.915266647683359
302	1	1	5.915266647683359
303	1	0	4.9999999999999964
304	1	0	4.9999999999999964
305	1	1	4.9999999999999964
306	1	0	6.999999999999982
307	1	1	6.999999999999998
308	1	0	2.4643148046230077
309	1	1	5.915266647683359
310	1	0	4.9999999999999964
311	1	1	5.915266647683359
312	1	0	4.9999999999999964
313	1	0	4.9999999999999964
314	1	-1	5.915266647683359
315	1	1	5.915266647683359
316	1	1	4.9999999999999964
317	1	1	7.810916096560117
318	1	0	4.9999999999999964
319	1	1	5.915266647683359
320	1	1	4.9999999999999964
321	1	1	9.193408123105614
322	1	1	6.9999999999999964
323	1	0	5.915266647683359
324	1	1	7.7869823747487645
325	1	1	4.9999999999999964
326	1	1	5.915266647683359
327	1	1	5.915266647683359
328	1	0	5.915266647683359
329	1	1	9.143351439529036
330	1	1	4.9999999999999964
331	1	0	5.915266647683359
332	1	1	6.99999999999999
333	1	0	5.915266647683359
334	1	1	6.999999999999992
335	1	1	4.9999999999999964
336	1	-1	6.999999999999991
337	1	-1	5.915266647683359
338	1	0	5.915266647683359
339	1	1	4.9999999999999964
340	1	1	5.915266647683359
341	1	0	4.999999999999995
342	1	1	5.915266647683359
343	1	0	4.999999999999995
344	1	1	7.7869823747487645
345	1	1	5.915266647683359
346	1	0	4.999999999999999
347	1	0	4.9999999999999964
348	1	1	5.915266647683359
349	1	1	5.915266647683359
350	1	1	3.9547981078171324
351	1	-1	5.915266647683359
352	1	0	1.7593865905848873
353	1	1	5.915266647683359
354	1	1	5.915266647683359
355	1	1	5.915266647683359
356	1	1	7.794316222074613
357	1	1	7.7869823747487645
358	1	-1	6.999999999999982
359	1	1	7.787836555453905
360	1	1	4.999999999999998
361	1	1	7.0000000000000036
362	1	0	4.9999999999999964
363	1	1	4.9999999999999964
364	1	1	8.559112944935427
365	1	-1	5.915266647683359
366	1	0	4.9999999999999964
367	1	1	5.915266647683359
368	1	0	4.9999999999999964
369	1	0	4.999999999999997
370	1	1	7.7869823747487645
371	1	0	4.999999999999993
372	1	0	5.915266647683359
373	1	0	5.915266647683359
374	1	-1	4.9999999999999964
375	1	1	6.999999999999993
376	1	0	5.915266647683359
377	1	0	7.7869823747487645
378	1	-1	5.915266647683359
379	1	0	3.4180791671240542
380	1	1	5.915266647683359
381	1	1	4.9999999999999964
382	1	1	4.999999999999996
383	1	1	5.915266647683359
384	1	1	6.999999999999991
385	1	1	4.9999999999999964
386	1	1	4.9999999999999964
387	1	0	4.999999999999994
388	1	1	6.999999999999994
389	1	1	9.204957126316579
390	1	1	4.9999999999999964
391	1	1	4.9999999999999964
392	1	0	5.818398779947127
393	1	1	4.9999999999999964
394	1	0	8.618286299499202
395	1	1	6.999999999999993
396	1	1	4.9999999999999964
397	1	0	4.9999999999999964
398	1	1	5.915266647683359
399	1	1	4.999999999999995
400	1	0	4.999999999999997
401	1	1	4.9999999999999964
402	1	1	6.999999999999992
403	1	0	7.000000000000003
404	1	1	7.787487273529154
405	1	0	5.915266647683359
406	1	1	4.956544331995393
407	1	0	4.9999999999999964
408	1	1	5.915266647683359
409	1	1	4.9999999999999964
410	1	0	5.915266647683359
411	1	1	4.9999999999999964
412	1	1	5.915266647683359
413	1	1	6.999999999999991
414	1	0	3.4772607077516837
415	1	1	4.9999999999999964
416	1	1	9.193869917014677
417	1	0	4.9999999999999964
418	1	1	5.915266647683359
419	1	1	5.9558097301430415
420	1	1	5.915266647683359
421	1	1	5.0
422	1	1	5.915266647683359
423	1	1	5.915266647683359
424	1	1	6.999999999999993
425	1	1	6.999999999999993
426	1	0	5.915266647683359
427	1	1	6.999999999999994
428	1	1	4.999999999999989
429	1	0	5.915266647683359
430	1	1	4.9999999999999964
431	1	1	4.9999999999999964
432	1	1	6.9999999999999964
433	1	1	7.860773652666483
434	1	0	4.99999999999999
435	1	1	5.915266647683359
436	1	1	4.9999999999999964
437	1	1	6.999999999999993
438	1	1	4.9999999999999964
439	1	1	5.9433962264150875
440	1	0	5.915266647683359
441	1	-1	7.0
442	1	1	5.915266647683359
443	1	1	9.219632107023326
444	1	0	5.915266647683359
445	1	1	7.7869823747487645
446	1	1	6.999999999999993
447	1	0	4.9999999999999964
448	1	-1	4.9999999999999964
449	1	0	4.9999999999999964
450	1	1	5.9433962264150875
451	1	1	5.915266647683359
452	1	1	5.000000000000001
453	1	1	6.999999999999993
454	1	0	5.915266647683359
455	1	0	7.7869823747487645
456	1	0	4.9999999999999964
457	1	0	5.930504580477514
458	1	0	5.915266647683359
459	1	-1	5.915266647683359
460	1	1	6.999999999999993
461	1	1	6.999999999999982
462	1	1	8.592466183280706
463	1	1	5.915266647683359
464	1	-1	5.915266647683359
465	1	0	5.915266647683359
466	1	1	6.999999999999993
467	1	1	6.999999999999992
468	1	1	5.915266647683359
469	1	1	7.808122817643313
470	1	1	7.000000000000003
471	1	1	5.915266647683359
472	1	1	5.915266647683359
473	1	1	6.999999999999993
474	1	1	5.915266647683359
475	1	1	5.915266647683359
476	1	1	9.199579404315482
477	1	1	7.7869823747487645
478	1	1	4.999999999999994
479	1	1	5.915266647683359
480	1	1	4.9999999999999964
481	1	1	7.7869823747487645
482	1	1	4.9999999999999964
483	1	1	5.915266647683359
484	1	0	1.7593865905848873
485	1	1	5.915266647683359
486	1	1	5.915266647683359
487	1	1	5.915266647683359
488	1	0	4.999999999999994
489	1	1	7.7869823747487645
490	1	1	4.999999999999992
491	1	0	4.999999999999995
492	1	1	5.915266647683359
493	1	0	4.999999999999998
494	1	0	6.999999999999992
495	1	0	4.9999999999999964
496	1	0	5.915266647683359
497	1	1	4.9999999999999964
498	1	1	6.999999999999982
499	1	0	1.7593865905848873
500	1	-1	6.999999999999989
501	1	0	5.915266647683359
502	1	0	4.9999999999999964
503	1	1	4.999999999999996
504	1	1	5.915266647683359
505	1	1	4.9999999999999964
506	1	1	5.915266647683359
507	1	1	6.999999999999993
508	1	0	4.9999999999999964
509	1	0	5.915266647683359
510	1	0	5.915266647683359
511	1	1	4.9999999999999964
512	1	0	4.9999999999999964
513	1	0	4.9999999999999964
514	1	1	4.999999999999994
515	1	1	4.999999999999993
516	1	1	6.9999999999999964
517	1	0	4.956544331995393
518	1	1	7.7869823747487645
519	1	1	5.915266647683359
520	1	1	4.9999999999999964
521	1	0	5.915266647683359
522	1	1	8.564986949749164
523	1	1	9.164658059253846
524	1	0	5.915266647683359
525	1	0	4.9999999999999964
526	1	1	7.000000000000003
527	1	1	5.915266647683359
528	1	0	4.9999999999999964
529	1	0	5.915266647683359
530	1	1	6.999999999999993
531	1	1	5.915266647683359
532	1	0	4.999999999999999
533	1	1	6.999999999999993
534	1	1	5.915266647683359
535	1	1	7.7869823747487645
536	1	-1	5.915266647683359
537	1	1	5.915266647683359
538	1	0	2.577980152815009
539	1	-1	5.000000000000001
540	1	1	9.203689716432914
541	1	-1	5.915266647683359
542	1	1	4.9999999999999964
543	1	0	5.915266647683359
544	1	1	5.915266647683359
545	1	1	5.915266647683359
546	1	1	4.9999999999999964
547	1	1	4.9999999999999964
548	1	1	7.7869823747487645
549	1	1	5.915266647683359
550	1	1	5.915266647683359
551	1	0	5.915266647683359
552	1	1	6.999999999999993
553	1	0	6.601452434470376
554	1	1	4.9999999999999964
555	1	1	9.19590617218388
556	1	0	4.999999999999999
557	1	1	4.9999999999999964
558	1	1	4.999999999999993
559	1	0	4.999999999999994
560	1	1	6.999999999999993
561	1	0	4.999999999999994
562	1	1	4.999999999999993
563	1	0	4.9999999999999964
564	1	1	6.999999999999993
565	1	1	4.99999999999999
566	1	1	5.919886214611804
567	1	0	4.9999999999999964
568	1	0	5.915266647683359
569	1	0	9.21511122110694
570	1	1	5.915266647683359
571	1	0	4.956544331995393
572	1	1	9.203689716432914
573	1	1	9.206347457880034
574	1	1	4.9999999999999964
575	1	0	5.915266647683359
576	1	1	8.407693720340076
577	1	1	4.9999999999999964
578	1	1	4.9999999999999964
579	1	0	4.9999999999999964
580	1	1	6.999999999999993
581	1	0	2.4643148046230077
582	1	1	5.915266647683359
583	1	1	5.930504580477514
584	1	1	9.182760218886017
585	1	1	6.999999999999992
586	1	0	4.9999999999999964
587	1	0	1.7593865905848873
588	1	1	7.830309686168645
589	1	1	5.915266647683359
590	1	1	5.915266647683359
591	1	0	4.999999999999999
592	1	1	6.999999999999999
593	1	1	4.999999999999998
594	1	0	5.915266647683359
595	1	1	6.99999999999999
596	1	1	4.999999999999996
597	1	0	5.930504580477514
598	1	-1	6.999999999999996
599	1	0	4.99999999999999
600	1	1	5.950913317495351
601	1	1	5.0
602	1	1	5.915266647683359
603	1	0	5.915266647683359
604	1	1	5.915266647683359
605	1	-1	5.915266647683359
606	1	-1	4.9999999999999885
607	1	0	4.999999999999999
608	1	0	4.9999999999999964
609	1	1	2.4643148046230077
610	1	1	8.618286299499202
611	1	1	5.915266647683359
612	1	1	6.999999999999993
613	1	0	1.7593865905848873
614	1	0	4.9999999999999885
615	1	-1	5.915266647683359
616	1	1	6.999999999999993
617	1	0	4.9999999999999964
618	1	1	6.999999999999993
619	1	1	4.999999999999999
620	1	1	4.9999999999999964
621	1	1	7.7869823747487645
622	1	1	5.915266647683359
623	1	0	4.9999999999999964
624	1	0	4.999999999999996
625	1	1	5.915266647683359
626	1	1	6.999999999999994
627	1	0	5.000000000000001
628	1	1	5.915266647683359
629	1	1	7.800308946298681
630	1	0	4.999999999999997
631	1	-1	4.9999999999999964
632	1	1	4.9999999999999964
633	1	1	6.999999999999997
634	1	0	4.9999999999999964
635	1	0	4.999999999999995
636	1	0	5.915266647683359
637	1	0	4.9999999999999964
638	1	1	4.9999999999999964
639	1	1	6.999999999999992
640	1	0	5.915266647683359
641	1	0	2.4643148046230077
642	1	0	5.915266647683359
643	1	0	5.915266647683359
644	1	1	9.174161589420589
645	1	0	1.7593865905848873
646	1	1	4.999999999999996
647	1	1	5.915266647683359
648	1	1	5.915266647683359
649	1	1	5.915266647683359
650	1	0	6.999999999999993
651	1	1	4.999999999999998
652	1	1	7.79537096908476
653	1	1	5.915266647683359
654	1	1	5.915266647683359
655	1	-1	6.999999999999993
656	1	0	3.9547981078171324
657	1	1	5.915266647683359
658	1	1	5.930504580477514
659	1	0	4.9999999999999964
660	1	1	7.78981853613271
661	1	0	4.9999999999999885
662	1	0	5.915266647683359
663	1	0	4.999999999999996
664	1	1	4.9999999999999964
665	1	-1	5.915266647683359
666	1	1	6.999999999999992
667	1	0	4.9999999999999885
668	1	0	5.0
669	1	0	4.9999999999999964
670	1	1	5.915266647683359
671	1	1	5.915266647683359
672	1	0	1.7593865905848873
673	1	1	4.9999999999999964
674	1	0	4.9999999999999964
675	1	1	6.999999999999999
676	1	-1	5.915266647683359
677	1	1	4.9999999999999964
678	1	1	6.9999999999999964
679	1	1	4.9999999999999964
680	1	1	4.9999999999999964
681	1	0	5.915266647683359
682	1	1	4.9999999999999964
683	1	1	7.0
684	1	0	4.9999999999999964
685	1	0	6.999999999999993
686	1	1	4.9999999999999964
687	1	0	4.9999999999999964
688	1	1	4.9999999999999964
689	1	1	5.915266647683359
690	1	0	4.99999999999999
691	1	1	5.915266647683359
692	1	0	4.9999999999999964
693	1	1	4.999999999999998
694	1	1	7.7869823747487645
695	1	1	4.9999999999999964
696	1	0	4.999999999999995
697	1	1	9.183297394545418
698	1	1	6.999999999999984
699	1	1	5.934855733113479
700	1	1	5.9433962264150875
701	1	1	6.999999999999994
702	1	0	5.915266647683359
703	1	1	4.9999999999999964
704	1	1	5.915266647683359
705	1	1	8.545317405200821
706	1	1	8.60072970911128
707	1	1	7.000000000000004
708	1	0	4.9999999999999964
709	1	1	4.9999999999999964
710	1	0	3.9547981078171324
711	1	0	5.915266647683359
712	1	0	4.9999999999999964
713	1	0	4.9999999999999964
714	1	1	5.915266647683359
715	1	1	8.417687503658845
716	1	1	5.947593948266195
717	1	1	7.810107768390667
718	1	1	4.9999999999999964
719	1	1	6.999999999999992
720	1	0	5.915266647683359
721	1	0	4.9999999999999964
722	1	1	4.9999999999999964
723	1	1	5.000000000000001
724	1	1	4.9999999999999964
725	1	1	5.915266647683359
726	1	1	4.9999999999999964
727	1	1	5.915266647683359
728	1	1	6.999999999999993
729	1	0	4.9999999999999964
730	1	1	4.956544331995393
731	1	0	8.482961314972831
732	1	0	4.999999999999999
733	1	1	4.9999999999999964
734	1	1	4.9999999999999964
735	1	0	2.4643148046230077
736	1	1	9.219632107023326
737	1	0	4.9999999999999964
738	1	1	6.999999999999999
739	1	1	4.9999999999999964
740	1	1	4.9999999999999964
741	1	1	4.999999999999996
742	1	0	1.7593865905848873
743	1	0	5.915266647683359
744	1	1	4.9999999999999964
745	1	0	7.492708260007638
746	1	1	4.9999999999999964
747	1	0	4.9999999999999964
748	1	1	5.915266647683359
749	1	0	5.0
750	1	1	5.915266647683359
751	1	1	4.9999999999999964
752	1	-1	4.9999999999999964
753	1	-1	7.7915545049884924
754	1	1	4.9999999999999964
755	1	1	4.9999999999999964
756	1	1	5.915266647683359
757	1	1	4.9999999999999964
758	1	1	4.999999999999995
759	1	-1	6.999999999999993
760	1	1	4.999999999999996
761	1	1	5.915266647683359
762	1	1	5.915266647683359
763	1	1	5.915266647683359
764	1	0	6.999999999999996
765	1	0	3.9547981078171324
766	1	0	5.930504580477514
767	1	1	4.9999999999999964
768	1	0	4.9999999999999964
769	1	1	6.999999999999998
770	1	1	5.915266647683359
771	1	0	4.9999999999999964
772	1	1	4.999999999999999
773	1	1	6.999999999999993
774	1	1	6.999999999999993
775	1	0	4.9999999999999964
776	1	0	4.9999999999999964
777	1	0	5.915266647683359
778	1	0	4.9999999999999964
779	1	1	8.462995569937414
780	1	0	3.9547981078171324
781	1	1	6.999999999999993
782	1	1	5.915266647683359
783	1	1	4.9999999999999964
784	1	0	4.99999999999999
785	1	0	5.915266647683359
786	1	1	4.9999999999999964
787	1	1	5.915266647683359
788	1	0	4.9999999999999964
789	1	0	4.9999999999999964
790	1	0	4.9999999999999964
791	1	1	9.193013823882568
792	1	1	6.999999999999986
793	1	1	7.000000000000001
794	1	1	4.999999999999995
795	1	1	6.999999999999993
796	1	1	6.999999999999994
797	1	-1	6.999999999999993
798	1	0	4.9999999999999964
799	1	0	6.999999999999991
800	1	1	9.137750903455323
801	1	1	9.137750903455323
802	1	1	9.137750903455323
803	1	1	7.8070401206379225
804	1	1	5.915266647683359
805	1	0	4.9999999999999964
806	1	0	5.950913317495351
807	1	0	4.9999999999999885
808	1	1	5.915266647683359
809	1	1	6.999999999999989
810	1	1	4.9999999999999964
811	1	0	4.9999999999999964
812	1	0	3.981501234365011
813	1	0	4.999999999999993
814	1	0	4.9999999999999964
815	1	1	6.999999999999993
816	1	0	5.915266647683359
817	1	1	5.915266647683359
818	1	0	4.9999999999999964
819	1	1	5.915266647683359
820	1	1	5.915266647683359
821	1	0	5.915266647683359
822	1	1	6.999999999999993
823	1	-1	5.915266647683359
824	1	-1	5.915266647683359
825	1	0	4.9999999999999964
826	1	0	5.915266647683359
827	1	0	1.7593865905848873
828	1	1	5.000000000000001
829	1	1	8.543921430669005
830	1	0	4.999999999999996
831	1	0	9.202699700501164
832	1	1	6.999999999999992
833	1	1	4.9999999999999964
834	1	0	4.9999999999999964
835	1	1	5.915266647683359
836	1	0	1.7593865905848873
837	1	1	5.915266647683359
838	1	0	4.999999999999993
839	1	1	4.999999999999995
840	1	1	4.9999999999999964
841	1	1	6.999999999999993
842	1	1	8.446743696411891
843	1	0	4.9999999999999964
844	1	1	4.9999999999999964
845	1	1	9.174161589420589
846	1	1	9.197783190187062
847	1	1	5.000000000000001
848	1	-1	7.814905359750643
849	1	1	5.915266647683359
850	1	1	4.999999999999993
851	1	1	5.915266647683359
852	1	1	6.999999999999993
853	1	1	4.9999999999999964
854	1	0	4.9999999999999964
855	1	1	7.8133926593346406
856	1	0	4.9999999999999964
857	1	1	5.915266647683359
858	1	1	4.999999999999996
859	1	1	4.9999999999999964
860	1	1	7.000000000000003
861	1	1	5.915266647683359
862	1	1	5.915266647683359
863	1	1	6.999999999999982
864	1	1	4.9999999999999964
865	1	1	5.915266647683359
866	1	0	7.794087270903318
867	1	1	8.51931714774492
868	1	0	6.999999999999993
869	1	1	5.915266647683359
870	1	1	6.999999999999993
871	1	0	4.9999999999999964
872	1	1	7.000000000000002
873	1	1	4.9999999999999964
874	1	1	7.812029919888701
875	1	0	2.4643148046230077
876	1	0	4.9999999999999964
877	1	1	4.9999999999999964
878	1	-1	4.9999999999999964
879	1	1	5.915266647683359
880	1	0	2.4643148046230077
881	1	0	4.9999999999999964
882	1	0	5.915266647683359
883	1	1	9.219632107023326
884	1	1	6.999999999999993
885	1	1	6.999999999999993
886	1	1	4.9999999999999964
887	1	0	4.9999999999999964
888	1	1	4.9999999999999964
889	1	1	6.999999999999992
890	1	1	5.000000000000001
891	1	1	5.915266647683359
892	1	1	5.000000000000001
893	1	1	7.795236243560104
894	1	1	5.915266647683359
895	1	1	5.915266647683359
896	1	1	4.9999999999999964
897	1	0	4.9999999999999964
898	1	1	9.17082711505383
899	1	1	5.915266647683359
900	1	1	5.915266647683359
901	1	0	4.9999999999999964
902	1	1	6.999999999999993
903	1	1	6.999999999999993
904	1	1	9.161395431417791
905	1	0	4.9999999999999964
906	1	1	5.915266647683359
907	1	0	2.8845786543332186
908	1	0	4.999999999999994
909	1	0	1.7593865905848873
910	1	0	4.9999999999999964
911	1	0	4.9999999999999964
912	1	-1	5.915266647683359
913	1	1	8.52416017010317
914	1	1	7.796547002417049
915	1	0	5.930504580477514
916	1	0	5.915266647683359
917	1	0	2.4643148046230077
918	1	0	6.999999999999996
919	1	-1	7.7869823747487645
920	1	1	4.999999999999994
921	1	0	4.999999999999995
922	1	-1	4.999999999999995
923	1	1	4.999999999999999
924	1	1	8.618286299499202
925	1	1	6.999999999999982
926	1	1	6.999999999999982
927	1	0	4.9999999999999885
928	1	1	4.99999999999999
929	1	0	1.7593865905848873
930	1	1	6.999999999999993
931	1	-1	4.9999999999999964
932	1	1	5.915266647683359
933	1	1	4.9999999999999964
934	1	1	5.915266647683359
935	1	0	4.999999999999999
936	1	1	4.9999999999999964
937	1	-1	4.9999999999999885
938	1	1	4.9999999999999964
939	1	0	5.915266647683359
940	1	0	5.915266647683359
941	1	0	4.99999999999999
942	1	1	4.999999999999999
943	1	1	4.9999999999999964
944	1	1	5.915266647683359
945	1	0	5.915266647683359
946	1	0	4.9999999999999964
947	1	0	7.7869823747487645
948	1	0	5.915266647683359
949	1	1	4.999999999999995
950	1	1	7.787165954074331
951	1	1	5.915266647683359
952	1	1	6.9999999999999885
953	1	1	6.9999999999999885
954	1	1	6.9999999999999885
955	1	1	7.787038994851141
956	1	1	4.9999999999999964
957	1	1	4.9999999999999964
958	1	-1	5.000000000000001
959	1	0	5.915266647683359
960	1	1	5.915266647683359
961	1	0	4.9999999999999964
962	1	1	5.915266647683359
963	1	0	5.915266647683359
964	1	-1	4.999999999999995
965	1	1	8.618286299499202
966	1	-1	3.9547981078171324
967	1	0	4.9999999999999964
968	1	1	5.915266647683359
969	1	-1	9.219632107023326
970	1	1	6.999999999999995
971	1	1	5.915266647683359
972	1	1	5.915266647683359
973	1	1	4.9999999999999885
974	1	0	5.915266647683359
975	1	0	4.9999999999999964
976	1	1	7.7957835491546215
977	1	0	5.915266647683359
978	1	1	5.915266647683359
979	1	1	5.915266647683359
980	1	0	4.9999999999999964
981	1	0	5.930504580477514
982	1	1	4.9999999999999964
983	1	1	5.915266647683359
984	1	1	4.9999999999999964
985	1	1	8.471950237974758
986	1	1	5.915266647683359
987	1	0	4.9999999999999964
988	1	1	5.915266647683359
989	1	1	6.999999999999993
990	1	0	4.99999999999999
991	1	0	4.9999999999999964
992	1	0	4.9999999999999964
993	1	0	4.999999999999993
994	1	1	6.999999999999993
995	1	1	4.9999999999999964
996	1	0	5.000000000000001
997	1	1	5.915266647683359
998	1	0	4.9999999999999964
999	1	0	5.915266647683359
1000	1	0	5.915266647683359
1001	0	1	5.915266647683359
1002	0	1	9.194418014667969
1003	0	0	8.486659877738584
1004	0	1	4.9999999999999964
1005	0	1	5.922352783989358
1006	0	1	4.999999999999996
1007	0	1	7.81162910885643
1008	0	1	6.999999999999982
1009	0	1	4.999999999999997
1010	0	-1	5.915266685746756
1011	0	0	1.7593865905848873
1012	0	0	5.000000000000001
1013	0	0	2.577980152815009
1014	0	-1	4.9999999999999964
1015	0	1	4.9999999999999964
1016	0	1	5.9433962264150875
1017	0	0	5.915266647683359
1018	0	0	4.9999999999999964
1019	0	1	7.7869823747487645
1020	0	0	4.9999999999999964
1021	0	1	5.915266647683359
1022	0	1	4.9999999999999964
1023	0	0	4.9999999999999964
1024	0	0	5.915266647683359
1025	0	-1	5.915266647683359
1026	0	1	5.0
1027	0	-1	4.9999999999999964
1028	0	-1	5.915266647683359
1029	0	0	4.9999999999999964
1030	0	0	4.9999999999999964
1031	0	-1	5.0
1032	0	0	4.999999999999998
1033	0	0	4.9999999999999964
1034	0	0	4.9999999999999964
1035	0	0	5.915266647683359
1036	0	-1	5.0
1037	0	-1	5.915266647683359
1038	0	-1	5.915266647683359
1039	0	0	6.999999999999993
1040	0	-1	4.999999999999992
1041	0	1	6.999999999999993
1042	0	0	4.9999999999999964
1043	0	-1	5.915266647683359
1044	0	0	4.99999999999999
1045	0	-1	7.8326408035591575
1046	0	1	4.9999999999999964
1047	0	1	9.215825680091815
1048	0	1	9.132913810287738
1049	0	0	4.99999999999999
1050	0	0	6.999999999999989
1051	0	-1	4.9999999999999885
1052	0	-1	7.790892358597204
1053	0	-1	9.203839691593581
1054	0	-1	6.99999999999999
1055	0	-1	4.9999999999999885
1056	0	-1	8.506562662296362
1057	0	-1	4.999999999999996
1058	0	1	9.212307332533962
1059	0	1	7.000000000000003
1060	0	1	5.915266647683359
1061	0	1	5.915266647683359
1062	0	-1	6.999999999999999
1063	0	0	5.915266647683359
1064	0	0	1.7593865905848873
1065	0	1	6.999999999999989
1066	0	-1	4.9999999999999964
1067	0	-1	5.915266647683359
1068	0	-1	5.915266647683359
1069	0	1	5.915266647683359
1070	0	1	6.999999999999993
1071	0	0	5.915266647683359
1072	0	0	9.219632107023326
1073	0	-1	7.828777629417535
1074	0	1	7.7869823747487645
1075	0	-1	9.179663797506313
1076	0	-1	6.999999999999995
1077	0	1	5.915266647683359
1078	0	-1	5.915266647683359
1079	0	0	5.915266647683359
1080	0	-1	4.9999999999999885
1081	0	1	7.827281574535627
1082	0	0	4.9999999999999964
1083	0	-1	7.802814005243873
1084	0	1	5.915266647683359
1085	0	1	7.786989410778383
1086	0	1	9.16009118541022
1087	0	-1	4.9999999999999964
1088	0	0	4.9999999999999964
1089	0	-1	5.915266647683359
1090	0	0	5.915266647683359
1091	0	1	6.99999999999999
1092	0	-1	5.915266647683359
1093	0	1	7.81162910885643
1094	0	1	5.915266647683359
1095	0	-1	5.915266647683359
1096	0	-1	5.930504580477514
1097	0	-1	4.9999999999999964
1098	0	-1	5.915266647683359
1099	0	1	7.000000000000003
1100	0	0	4.999999999999997
1101	0	-1	4.9999999999999964
1102	0	-1	7.000000000000003
1103	0	-1	5.915266647683359
1104	0	-1	5.915266647683359
1105	0	-1	5.915266647683359
1106	0	1	8.400302106340643
1107	0	0	5.000000000000002
1108	0	-1	5.0
1109	0	1	5.927109130454852
1110	0	1	5.927109130454852
1111	0	-1	6.999999999999995
1112	0	-1	5.915266647683359
1113	0	-1	4.9999999999999964
1114	0	-1	6.999999999999992
1115	0	-1	6.999999999999992
1116	0	1	4.999999999999993
1117	0	0	4.999999999999995
1118	0	-1	7.800308946298681
1119	0	1	9.194902903208924
1120	0	-1	4.9999999999999964
1121	0	1	6.999999999999993
1122	0	-1	4.999999999999996
1123	0	-1	7.787293463524221
1124	0	1	5.915266647683359
1125	0	0	5.0
1126	0	1	4.9999999999999964
1127	0	0	3.7299640696427914
1128	0	-1	5.915266647683359
1129	0	0	4.9999999999999964
1130	0	-1	5.915266647683359
1131	0	0	4.9999999999999964
1132	0	-1	5.915266647683359
1133	0	-1	8.618286299499202
1134	0	1	5.915266685746756
1135	0	-1	5.000000000000004
1136	0	-1	5.915266647683359
1137	0	-1	5.915266647683359
1138	0	0	5.915266685746756
1139	0	1	9.193203505801531
1140	0	1	5.915266647683359
1141	0	0	7.000000000000003
1142	0	0	7.79632611273022
1143	0	1	5.915266647683359
1144	0	-1	6.999999999999993
1145	0	-1	8.537760816936807
1146	0	1	6.999999999999991
1147	0	-1	7.875495788333132
1148	0	1	6.999999999999993
1149	0	1	9.197984173727713
1150	0	-1	6.999999999999992
1151	0	1	7.7869823747487645
1152	0	0	4.9999999999999964
1153	0	1	4.9999999999999964
1154	0	0	3.9547981078171324
1155	0	1	7.7869823747487645
1156	0	0	4.9999999999999964
1157	0	-1	4.9999999999999964
1158	0	-1	5.0
1159	0	1	4.9999999999999964
1160	0	-1	5.000000000000001
1161	0	-1	9.206046091745119
1162	0	1	8.618286299499202
1163	0	1	6.999999999999993
1164	0	-1	9.219632107023326
1165	0	1	7.0
1166	0	0	6.999999999999993
1167	0	0	6.999999999999993
1168	0	1	5.915266647683359
1169	0	-1	5.915266647683359
1170	0	0	4.9999999999999964
1171	0	-1	4.9999999999999964
1172	0	0	4.9999999999999964
1173	0	-1	4.999999999999997
1174	0	1	4.9999999999999964
1175	0	-1	4.9999999999999964
1176	0	1	9.155792647029838
1177	0	0	5.930504580477514
1178	0	0	2.756251600588072
1179	0	1	4.999999999999996
1180	0	1	4.9999999999999964
1181	0	0	4.9999999999999964
1182	0	-1	5.915266647683359
1183	0	1	5.000000000000001
1184	0	0	5.915266647683359
1185	0	1	4.99999999999999
1186	0	0	4.9999999999999885
1187	0	1	7.792431801774667
1188	0	0	4.9999999999999964
1189	0	1	4.9999999999999964
1190	0	1	5.915266647683359
1191	0	0	5.915266647683359
1192	0	1	4.999999999999999
1193	0	1	4.9999999999999964
1194	0	-1	5.915266647683359
1195	0	1	5.915266647683359
1196	0	0	5.915266647683359
1197	0	1	4.9999999999999964
1198	0	0	4.9999999999999964
1199	0	1	4.999999999999999
1200	0	1	4.999999999999993
1201	0	0	5.915266647683359
1202	0	1	4.9999999999999885
1203	0	0	4.9999999999999885
1204	0	1	7.000000000000006
1205	0	1	5.000000000000001
1206	0	0	3.522614365555806
1207	0	0	4.9999999999999964
1208	0	0	4.9999999999999964
1209	0	1	5.915266647683359
1210	0	1	5.915266647683359
1211	0	0	4.9999999999999964
1212	0	-1	5.0
1213	0	0	4.9999999999999964
1214	0	1	6.999999999999995
1215	0	1	4.9999999999999964
1216	0	0	4.9999999999999964
1217	0	0	5.9433962264150875
1218	0	0	4.9999999999999964
1219	0	1	5.915266647683359
1220	0	-1	9.182760218886017
1221	0	1	7.7869823747487645
1222	0	0	4.9999999999999964
1223	0	1	5.915266647683359
1224	0	1	6.9999999999999885
1225	0	1	6.9999999999999885
1226	0	1	6.9999999999999885
1227	0	1	5.915266647683359
1228	0	0	5.933523029649621
1229	0	1	5.915266647683359
1230	0	1	5.915266647683359
1231	0	1	4.999999999999992
1232	0	-1	6.99999999999999
1233	0	1	4.9999999999999964
1234	0	1	4.9999999999999964
1235	0	1	7.881499924526383
1236	0	1	4.99999999999999
1237	0	1	4.9999999999999964
1238	0	-1	4.999999999999989
1239	0	-1	4.999999999999996
1240	0	1	5.915266647683359
1241	0	0	5.915266647683359
1242	0	0	4.9999999999999885
1243	0	0	4.9999999999999885
1244	0	-1	4.999999999999995
1245	0	1	5.915266647683359
1246	0	-1	7.802260601517935
1247	0	1	5.915266647683359
1248	0	0	7.793369465489348
1249	0	1	6.999999999999997
1250	0	1	5.915266647683359
1251	0	1	7.8313862167707216
1252	0	1	6.999999999999995
1253	0	1	9.200949437490689
1254	0	-1	5.915266647683359
1255	0	1	8.618286299499202
1256	0	1	9.219632107023326
1257	0	-1	4.9999999999999964
1258	0	1	6.999999999999994
1259	0	0	5.915266647683359
1260	0	1	8.563362521818943
1261	0	1	3.4667859781496198
1262	0	0	5.915266647683359
1263	0	0	4.999999999999997
1264	0	0	5.915266647683359
1265	0	-1	4.9999999999999964
1266	0	0	5.915266647683359
1267	0	1	8.618286299499202
1268	0	-1	5.915266647683359
1269	0	1	7.0
1270	0	0	4.999999999999993
1271	0	1	7.803493644573343
1272	0	1	4.9999999999999964
1273	0	-1	6.999999999999993
1274	0	1	4.9999999999999964
1275	0	-1	9.166258764310628
1276	0	1	7.788780911317701
1277	0	0	6.99999999999999
1278	0	-1	4.999999999999999
1279	0	1	4.999999999999996
1280	0	0	7.793070751140231
1281	0	1	4.999999999999993
1282	0	1	4.999999999999996
1283	0	1	8.45232821422192
1284	0	1	9.157454689598895
1285	0	-1	6.999999999999999
1286	0	-1	4.999999999999995
1287	0	1	9.161603068663188
1288	0	-1	5.923208020072156
1289	0	0	4.9999999999999964
1290	0	0	4.999999999999994
1291	0	1	9.219632107023326
1292	0	0	5.915266647683359
1293	0	0	5.915266647683359
1294	0	0	5.915266647683359
1295	0	-1	7.804497495176147
1296	0	-1	5.915266647683359
1297	0	0	8.618286299499202
1298	0	-1	5.915266647683359
1299	0	0	6.999999999999993
1300	0	1	6.999999999999992
1301	0	-1	6.999999999999995
1302	0	1	6.999999999999993
1303	0	1	4.9999999999999964
1304	0	1	5.915266647683359
1305	0	1	8.55561186733874
1306	0	-1	6.999999999999993
1307	0	0	4.9999999999999964
1308	0	0	5.915266647683359
1309	0	-1	5.916758381828421
1310	0	1	8.504758041103335
1311	0	0	4.999999999999994
1312	0	0	7.833597393765125
1313	0	1	9.19725249500541
1314	0	-1	5.000000000000001
1315	0	1	7.881499924526383
1316	0	1	8.375684829128366
1317	0	1	9.185154743398853
1318	0	1	9.208041037750897
1319	0	0	9.203428273277591
1320	0	-1	8.56560819268135
1321	0	0	4.9999999999999964
1322	0	0	4.999999999999999
1323	0	0	4.9999999999999964
1324	0	1	5.209400118095955
1325	0	0	4.999999999999996
1326	0	-1	4.956544331995393
1327	0	0	4.9999999999999964
1328	0	0	4.9999999999999964
1329	0	-1	9.189604098674698
1330	0	0	4.9999999999999964
1331	0	-1	5.915266647683359
1332	0	-1	4.999999999999997
1333	0	1	4.999999999999999
1334	0	1	4.9999999999999964
1335	0	-1	4.999999999999996
1336	0	0	1.7593865905848873
1337	0	0	6.219512332414754
1338	0	1	5.915266647683359
1339	0	-1	4.9999999999999964
1340	0	-1	5.000000000000004
1341	0	0	4.9999999999999964
1342	0	1	5.915266647683359
1343	0	1	4.999999999999996
1344	0	0	7.833597393765125
1345	0	0	4.999999999999997
1346	0	1	8.498514807289235
1347	0	0	2.4643148046230077
1348	0	-1	5.915266647683359
1349	0	0	4.9999999999999964
1350	0	-1	7.000000000000001
1351	0	0	6.999999999999993
1352	0	-1	6.999999999999997
1353	0	-1	7.843476578974466
1354	0	0	4.999999999999999
1355	0	-1	5.915266647683359
1356	0	1	4.999999999999999
1357	0	-1	7.81162910885643
1358	0	1	9.18811262199492
1359	0	0	4.9999999999999964
1360	0	-1	6.999999999999991
1361	0	1	5.915266647683359
1362	0	0	6.999999999999993
1363	0	0	9.19743190708476
1364	0	0	4.9999999999999964
1365	0	0	4.9999999999999964
1366	0	-1	5.915266647683359
1367	0	-1	5.9433962264150875
1368	0	-1	5.915266647683359
1369	0	0	5.915266647683359
1370	0	-1	6.99999999999999
1371	0	0	7.836261883865374
1372	0	-1	4.9999999999999964
1373	0	0	4.9999999999999964
1374	0	0	9.19565905458925
1375	0	-1	5.915266647683359
1376	0	-1	5.915266647683359
1377	0	-1	5.915266647683359
1378	0	0	4.999999999999997
1379	0	-1	7.787604161634838
1380	0	0	5.915266647683359
1381	0	1	7.7869823747487645
1382	0	1	4.9999999999999964
1383	0	-1	6.999999999999999
1384	0	-1	4.9999999999999885
1385	0	1	9.195030477574885
1386	0	1	4.9999999999999964
1387	0	0	7.819832764056935
1388	0	1	4.9999999999999964
1389	0	1	2.4643148046230077
1390	0	-1	5.915266647683359
1391	0	-1	5.915266647683359
1392	0	-1	4.999999999999992
1393	0	1	9.21169976898191
1394	0	1	7.787105427153481
1395	0	1	9.204026997046789
1396	0	-1	5.915266647683359
1397	0	-1	7.7870051188140526
1398	0	0	5.915266647683359
1399	0	-1	6.999999999999993
1400	0	1	5.915266647683359
1401	0	-1	4.9999999999999885
1402	0	0	4.999999999999996
1403	0	-1	8.55561186733874
1404	0	-1	6.99999999999999
1405	0	-1	4.999999999999996
1406	0	-1	5.915266647683359
1407	0	0	5.948779956167919
1408	0	0	5.915266647683359
1409	0	1	4.670883684421193
1410	0	0	4.9999999999999964
1411	0	1	6.999999999999983
1412	0	1	6.999999999999993
1413	0	-1	4.9999999999999964
1414	0	-1	7.7869823747487645
1415	0	-1	7.7869823747487645
1416	0	0	5.915266647683359
1417	0	1	4.9999999999999964
1418	0	1	5.000000000000001
1419	0	0	5.915266647683359
1420	0	1	7.7884208932267525
1421	0	0	4.9999999999999964
1422	0	1	7.7869823747487645
1423	0	0	7.787007451345172
1424	0	0	5.915266647683359
1425	0	1	8.433929501293013
1426	0	-1	5.915266647683359
1427	0	1	4.999999999999998
1428	0	0	1.7593865905848873
1429	0	-1	5.915266647683359
1430	0	-1	7.8785316053695285
1431	0	-1	5.915266647683359
1432	0	1	7.788070509511534
1433	0	0	4.9999999999999964
1434	0	1	9.219632107023326
1435	0	0	6.999999999999993
1436	0	0	9.173976994352467
1437	0	-1	6.999999999999993
1438	0	1	6.999999999999993
1439	0	-1	6.999999999999991
1440	0	-1	6.9999999999999885
1441	0	0	4.9999999999999964
1442	0	1	9.199921767705602
1443	0	1	7.840574248337337
1444	0	-1	7.787002332628975
1445	0	1	6.999999999999993
1446	0	-1	5.927216182900679
1447	0	1	5.915266647683359
1448	0	0	4.9999999999999964
1449	0	0	8.400768963600973
1450	0	1	5.915266647683359
1451	0	-1	4.999999999999991
1452	0	0	7.848813242525438
1453	0	-1	6.999999999999982
1454	0	-1	5.950913317495351
1455	0	1	4.9999999999999964
1456	0	1	9.166834462095942
1457	0	1	6.999999999999999
1458	0	-1	5.9433962264150875
1459	0	-1	9.18569959455971
1460	0	-1	6.999999999999992
1461	0	-1	9.209046810958975
1462	0	0	5.915266647683359
1463	0	1	7.0
1464	0	0	4.9999999999999964
1465	0	-1	6.99999999999999
1466	0	0	4.9999999999999964
1467	0	-1	4.9999999999999964
1468	0	1	5.915266647683359
1469	0	0	3.4180791671240542
1470	0	1	4.999999999999997
1471	0	0	4.9999999999999964
1472	0	-1	6.999999999999999
1473	0	-1	6.999999999999992
1474	0	-1	9.202422338774019
1475	0	-1	8.597590877892602
1476	0	0	7.799632265165297
1477	0	1	4.9999999999999964
1478	0	1	9.214309021225437
1479	0	1	4.9999999999999964
1480	0	-1	6.999999999999994
1481	0	-1	6.999999999999994
1482	0	-1	8.618286299499202
1483	0	-1	4.9999999999999964
1484	0	1	8.532061961721281
1485	0	0	7.000000000000003
1486	0	1	7.7869823747487645
1487	0	1	8.618286299499202
1488	0	0	5.915266647683359
1489	0	1	5.915266647683359
1490	0	1	8.52213386136482
1491	0	-1	7.7869823747487645
1492	0	1	7.788642096944935
1493	0	1	5.915266647683359
1494	0	0	6.999999999999998
1495	0	1	8.618286299499202
1496	0	1	5.915266647683359
1497	0	0	7.7869823747487645
1498	0	0	4.999999999999995
1499	0	1	5.915266647683359
1500	0	1	7.7869823747487645
1501	0	-1	4.9999999999999964
1502	0	1	7.7869823747487645
1503	0	1	4.9999999999999964
1504	0	0	5.000000000000003
1505	0	-1	6.999999999999993
1506	0	1	9.201585244633565
1507	0	1	7.789960078977944
1508	0	-1	8.450436539059416
1509	0	0	6.999999999999995
1510	0	1	6.999999999999993
1511	0	-1	4.9999999999999964
1512	0	-1	5.915266647683359
1513	0	-1	5.915266647683359
1514	0	-1	6.999999999999999
1515	0	-1	4.999999999999989
1516	0	0	9.176841118596572
1517	0	-1	7.000000000000006
1518	0	0	5.915266647683359
1519	0	-1	4.999999999999993
1520	0	0	5.915266647683359
1521	0	0	4.9999999999999964
1522	0	1	8.552677668406595
1523	0	0	9.218355904792539
1524	0	-1	4.9999999999999964
1525	0	1	9.212307332533962
1526	0	1	5.915266647683359
1527	0	1	6.999999999999993
1528	0	0	8.462276014700029
1529	0	-1	9.203428273277591
1530	0	-1	4.9999999999999964
1531	0	0	4.999999999999993
1532	0	-1	8.609992016438708
1533	0	0	4.999999999999993
1534	0	1	9.156686996586558
1535	0	1	7.797823467167305
1536	0	-1	9.147460706679457
1537	0	0	4.9999999999999964
1538	0	1	7.7869823747487645
1539	0	1	5.915266647683359
1540	0	1	4.9999999999999964
1541	0	1	7.79121501310674
1542	0	1	6.999999999999993
1543	0	1	6.9999999999999964
1544	0	-1	5.915266647683359
1545	0	0	7.8200073160202646
1546	0	1	7.806720649343994
1547	0	-1	7.0
1548	0	0	7.0
1549	0	0	9.193276109480985
1550	0	-1	7.000000000000001
1551	0	0	5.915266647683359
1552	0	1	8.439943579163417
1553	0	1	8.51931714774492
1554	0	1	9.219632107023326
1555	0	-1	6.999999999999994
1556	0	-1	6.999999999999993
1557	0	0	4.9999999999999964
1558	0	0	4.9999999999999964
1559	0	1	7.869497806467426
1560	0	0	7.7869823747487645
1561	0	-1	6.999999999999994
1562	0	-1	9.179938037660502
1563	0	1	6.999999999999993
1564	0	1	8.543921430669005
1565	0	-1	8.46494648726223
1566	0	0	5.915266647683359
1567	0	-1	6.999999999999993
1568	0	0	4.999999999999995
1569	0	-1	5.915266647683359
1570	0	1	9.210448530136679
1571	0	1	7.8070401206379225
1572	0	0	4.9999999999999964
1573	0	0	7.7869823747487645
1574	0	0	4.9999999999999964
1575	0	1	7.7869823747487645
1576	0	1	9.21381254898858
1577	0	-1	5.915266647683359
1578	0	-1	7.7869823747487645
1579	0	-1	9.213686878862655
1580	0	-1	8.60684629208035
1581	0	-1	5.915266647683359
1582	0	-1	7.810397149216796
1583	0	1	6.999999999999998
1584	0	-1	9.197375966654388
1585	0	-1	6.999999999999992
1586	0	-1	9.210850304201099
1587	0	0	5.915266647683359
1588	0	1	4.999999999999991
1589	0	1	4.999999999999994
1590	0	-1	9.170303309791313
1591	0	0	9.19168922487357
1592	0	1	9.162238383744086
1593	0	1	7.792297806868984
1594	0	0	6.9999999999999964
1595	0	-1	9.144853358175803
1596	0	1	9.216621932552505
1597	0	1	7.863568298045412
1598	0	0	5.915266647683359
1599	0	0	8.448058299557992
1600	0	1	7.820711151078191
1601	0	-1	8.561940997087769
1602	0	0	6.999999999999999
1603	0	1	9.19689720390498
1604	0	0	5.915266685746756
1605	0	1	4.99999999999999
1606	0	-1	5.915266647683359
1607	0	0	5.915266647683359
1608	0	1	5.915266647683359
1609	0	0	9.180783699059498
1610	0	-1	5.915266647683359
1611	0	-1	6.999999999999993
1612	0	0	5.000000000000001
1613	0	1	4.9999999999999964
1614	0	1	8.539572086256909
1615	0	0	5.915266647683359
1616	0	0	4.9999999999999964
1617	0	0	6.999999999999993
1618	0	-1	7.7957835491546215
1619	0	0	7.819543137143199
1620	0	1	4.9999999999999964
1621	0	1	6.999999999999993
1622	0	1	4.9999999999999964
1623	0	0	6.999999999999993
1624	0	-1	4.9999999999999964
1625	0	0	6.999999999999993
1626	0	-1	4.9999999999999964
1627	0	1	6.999999999999993
1628	0	1	6.99999999999999
1629	0	-1	5.915266647683359
1630	0	1	5.915266647683359
1631	0	-1	5.915266647683359
1632	0	0	5.915266647683359
1633	0	1	5.915266647683359
1634	0	0	5.915266647683359
1635	0	1	5.915266647683359
1636	0	-1	4.9999999999999964
1637	0	1	5.000000000000001
1638	0	-1	4.9999999999999964
1639	0	-1	6.999999999999993
1640	0	0	6.999999999999985
1641	0	-1	6.999999999999993
1642	0	-1	8.61267943486356
1643	0	1	5.915266647683359
1644	0	-1	7.7869823747487645
1645	0	0	5.000000000000004
1646	0	0	6.999999999999997
1647	0	1	6.999999999999993
1648	0	1	5.915266647683359
1649	0	-1	4.9999999999999964
1650	0	0	4.999999999999992
1651	0	1	6.999999999999998
1652	0	-1	9.192248248331982
1653	0	1	5.915266647683359
1654	0	1	6.999999999999993
1655	0	1	4.999999999999993
1656	0	1	4.9999999999999964
1657	0	-1	5.915266647683359
1658	0	-1	8.618286299499202
1659	0	-1	7.803939449327267
1660	0	0	6.999999999999982
1661	0	1	5.915266647683359
1662	0	-1	5.915266647683359
1663	0	-1	5.915266647683359
1664	0	1	6.9999999999999885
1665	0	0	6.999999999999993
1666	0	-1	5.915266647683359
1667	0	-1	5.915266647683359
1668	0	-1	6.999999999999988
1669	0	-1	7.792929167047603
1670	0	-1	4.9999999999999964
1671	0	0	5.915266647683359
1672	0	0	7.0
1673	0	-1	7.8081090764996155
1674	0	-1	6.999999999999985
1675	0	-1	4.99999999999999
1676	0	-1	5.915266647683359
1677	0	-1	7.7869823747487645
1678	0	-1	5.915266647683359
1679	0	-1	8.450436539059416
1680	0	1	6.99999999999999
1681	0	-1	4.999999999999996
1682	0	0	4.9999999999999964
1683	0	-1	6.999999999999995
1684	0	1	4.9999999999999885
1685	0	0	5.000000000000001
1686	0	-1	5.915266647683359
1687	0	-1	6.999999999999993
1688	0	-1	5.915266647683359
1689	0	-1	5.915266647683359
1690	0	1	5.915266647683359
1691	0	-1	4.999999999999996
1692	0	1	9.181517939800914
1693	0	-1	6.999999999999988
1694	0	-1	5.0
1695	0	-1	4.999999999999997
1696	0	1	9.137000999616653
1697	0	1	4.999999999999993
1698	0	-1	4.999999999999999
1699	0	-1	5.0
1700	0	0	5.915266647683359
1701	0	0	5.000000000000004
1702	0	1	6.999999999999996
1703	0	1	6.999999999999991
1704	0	-1	7.7869823747487645
1705	0	0	6.999999999999993
1706	0	-1	5.915266647683359
1707	0	0	4.999999999999997
1708	0	1	6.999999999999993
1709	0	1	5.915266647683359
1710	0	0	5.915266647683359
1711	0	1	8.568626562260055
1712	0	-1	4.999999999999994
1713	0	-1	5.956590031184789
1714	0	0	6.999999999999993
1715	0	1	6.999999999999993
1716	0	-1	6.999999999999999
1717	0	-1	5.915266647683359
1718	0	-1	5.915266647683359
1719	0	1	6.999999999999998
1720	0	1	7.7869823747487645
1721	0	1	7.7873877402197085
1722	0	1	7.723508743778853
1723	0	-1	9.219632107023326
1724	0	1	5.915266647683359
1725	0	0	4.9999999999999964
1726	0	-1	9.168775731789898
1727	0	-1	4.999999999999996
1728	0	-1	6.999999999999993
1729	0	1	6.99999999999999
1730	0	-1	8.540937999584315
1731	0	0	7.803330367092316
1732	0	-1	5.915266647683359
1733	0	-1	7.7869823747487645
1734	0	0	7.792746652049745
1735	0	1	4.9999999999999964
1736	0	-1	5.915266647683359
1737	0	1	6.999999999999995
1738	0	0	5.915266647683359
1739	0	-1	6.999999999999996
1740	0	-1	5.915266647683359
1741	0	-1	5.915266647683359
1742	0	-1	6.99999999999999
1743	0	1	8.405675262078967
1744	0	-1	5.915266647683359
1745	0	-1	4.9999999999999964
1746	0	-1	4.999999999999999
1747	0	-1	6.999999999999991
1748	0	-1	6.999999999999995
1749	0	1	4.9999999999999885
1750	0	1	7.7872323794412255
1751	0	-1	4.9999999999999964
1752	0	1	4.999999999999993
1753	0	1	6.999999999999993
1754	0	-1	4.999999999999989
1755	0	-1	5.915266647683359
1756	0	1	7.788530597922675
1757	0	0	4.9999999999999964
1758	0	0	4.9999999999999964
1759	0	0	4.9999999999999964
1760	0	0	6.999999999999994
1761	0	1	5.915266647683359
1762	0	1	5.915266647683359
1763	0	1	5.939936815524239
1764	0	-1	4.9999999999999964
1765	0	-1	9.213895825144373
1766	0	1	5.915266647683359
1767	0	0	9.205585989797434
1768	0	-1	8.530069354937472
1769	0	0	5.915266647683359
1770	0	1	5.915266647683359
1771	0	1	6.999999999999982
1772	0	-1	9.19590617218388
1773	0	-1	4.9999999999999964
1774	0	1	5.000000000000003
1775	0	0	4.999999999999996
1776	0	1	6.999999999999991
1777	0	-1	6.999999999999993
1778	0	-1	9.197207450533265
1779	0	1	4.99999999999999
1780	0	1	6.999999999999993
1781	0	-1	4.9999999999999964
1782	0	0	7.8551409983193805
1783	0	0	5.915266647683359
1784	0	0	4.9999999999999964
1785	0	-1	7.0
1786	0	1	6.999999999999996
1787	0	-1	9.176494332819075
1788	0	-1	5.915266647683359
1789	0	1	6.99999999999999
1790	0	1	6.999999999999998
1791	0	-1	4.9999999999999964
1792	0	-1	5.915266647683359
1793	0	0	5.915266647683359
1794	0	-1	7.7869823747487645
1795	0	0	4.9999999999999964
1796	0	-1	9.219632107023326
1797	0	-1	5.915266647683359
1798	0	1	4.999999999999994
1799	0	1	4.9999999999999964
1800	0	-1	5.915266647683359
1801	0	1	5.915266647683359
1802	0	-1	6.999999999999993
1803	0	-1	5.915266647683359
1804	0	1	7.87034183682643
1805	0	-1	7.7873877402197085
1806	0	0	7.787808035943354
1807	0	0	8.51483811857427
1808	0	-1	5.915266647683359
1809	0	0	4.9999999999999964
1810	0	-1	5.915266647683359
1811	0	1	7.787004807661714
1812	0	1	5.915266647683359
1813	0	1	9.185539643834819
1814	0	0	5.915266647683359
1815	0	-1	4.9999999999999964
1816	0	-1	5.915266647683359
1817	0	1	5.933523029649621
1818	0	1	4.9999999999999964
1819	0	-1	5.915266647683359
1820	0	-1	4.9999999999999964
1821	0	1	6.999999999999993
1822	0	0	5.915266647683359
1823	0	0	9.219632107023326
1824	0	-1	9.208329784011136
1825	0	0	5.947593948266195
1826	0	-1	5.0
1827	0	0	5.915266647683359
1828	0	0	5.915266647683359
1829	0	-1	4.999999999999996
1830	0	-1	7.788802173344474
1831	0	0	5.915266647683359
1832	0	-1	4.999999999999996
1833	0	0	4.999999999999999
1834	0	0	5.915266647683359
1835	0	0	5.915266647683359
1836	0	1	5.915266647683359
1837	0	1	4.9999999999999964
1838	0	1	5.915266647683359
1839	0	-1	5.915266647683359
1840	0	1	5.541635360843437
1841	0	-1	6.999999999999999
1842	0	1	5.915266647683359
1843	0	1	4.804608582347235
1844	0	1	6.999999999999993
1845	0	-1	7.792983240158173
1846	0	1	6.999999999999993
1847	0	1	8.442984650445547
1848	0	1	5.915266647683359
1849	0	1	5.939936815524239
1850	0	0	4.9999999999999964
1851	0	-1	5.915266647683359
1852	0	0	4.9999999999999964
1853	0	1	7.7869823747487645
1854	0	1	5.000000000000004
1855	0	1	9.219632107023326
1856	0	1	6.999999999999993
1857	0	0	4.999999999999996
1858	0	0	4.9999999999999964
1859	0	1	5.915266647683359
1860	0	-1	4.999999999999999
1861	0	0	4.9999999999999964
1862	0	1	5.000000000000004
1863	0	-1	5.915266647683359
1864	0	0	4.9999999999999964
1865	0	-1	6.999999999999993
1866	0	0	6.99999999999999
1867	0	1	5.915266647683359
1868	0	1	6.999999999999994
1869	0	1	7.7869823747487645
1870	0	1	8.591164717754742
1871	0	1	6.999999999999993
1872	0	-1	7.805927470970628
1873	0	0	9.219632107023326
1874	0	0	9.219632107023326
1875	0	-1	6.999999999999993
1876	0	1	7.828777629417535
1877	0	-1	5.915266647683359
1878	0	1	8.618286299499202
1879	0	-1	6.99999999999999
1880	0	0	4.9999999999999964
1881	0	1	5.915266647683359
1882	0	1	5.915266647683359
1883	0	1	6.999999999999989
1884	0	1	8.564569529415365
1885	0	-1	5.915266647683359
1886	0	-1	5.915266647683359
1887	0	0	4.9999999999999964
1888	0	1	5.915266647683359
1889	0	1	7.79709996903517
1890	0	-1	9.189604098674698
1891	0	-1	5.915266647683359
1892	0	1	5.915266647683359
1893	0	1	6.999999999999993
1894	0	1	6.999999999999993
1895	0	-1	6.99999999999999
1896	0	0	4.9999999999999964
1897	0	1	7.000000000000003
1898	0	1	6.999999999999993
1899	0	0	7.7869823747487645
1900	0	1	7.79026598653315
1901	0	1	9.185942278640981
1902	0	1	6.999999999999989
1903	0	1	9.193707481065278
1904	0	0	5.915266647683359
1905	0	1	8.589633154690988
1906	0	-1	4.9999999999999964
1907	0	-1	6.999999999999993
1908	0	-1	5.915266647683359
1909	0	-1	5.915266647683359
1910	0	-1	9.214913920720866
1911	0	-1	9.184635942047326
1912	0	-1	7.7869823747487645
1913	0	1	5.915266647683359
1914	0	-1	8.559895742832207
1915	0	-1	9.159492830567094
1916	0	-1	4.999999999999993
1917	0	1	6.999999999999991
1918	0	-1	8.480846390250283
1919	0	1	9.173847919084396
1920	0	1	6.999999999999996
1921	0	0	5.915266647683359
1922	0	1	4.9999999999999964
1923	0	1	4.9999999999999964
1924	0	-1	5.915266647683359
1925	0	1	6.999999999999993
1926	0	0	4.9999999999999964
1927	0	0	4.9999999999999964
1928	0	0	7.7869823747487645
1929	0	-1	6.999999999999996
1930	0	-1	5.915266647683359
1931	0	-1	6.999999999999997
1932	0	-1	5.915266647683359
1933	0	1	4.999999999999998
1934	0	-1	5.000000000000001
1935	0	-1	8.618286299499202
1936	0	0	5.915266647683359
1937	0	-1	5.915266647683359
1938	0	0	4.9999999999999885
1939	0	-1	5.915266647683359
1940	0	-1	7.7972787884613055
1941	0	1	4.999999999999996
1942	0	1	5.915266647683359
1943	0	-1	5.915266647683359
1944	0	-1	8.421430214565152
1945	0	0	6.99999999999999
1946	0	1	6.999999999999993
1947	0	1	5.922352783989358
1948	0	-1	5.915266647683359
1949	0	-1	5.000000000000002
1950	0	-1	9.177614622374243
1951	0	-1	5.915266647683359
1952	0	-1	5.915266647683359
1953	0	-1	4.9999999999999964
1954	0	0	9.14306043487009
1955	0	-1	5.915266685746756
1956	0	1	7.793605436909781
1957	0	-1	4.999999999999998
1958	0	1	6.999999999999993
1959	0	-1	7.794408584581121
1960	0	-1	4.999999999999995
1961	0	0	5.915266647683359
1962	0	-1	8.472872911183343
1963	0	1	7.8070401206379225
1964	0	1	7.7869823747487645
1965	0	0	4.9999999999999964
1966	0	-1	5.915266647683359
1967	0	1	5.915266647683359
1968	0	1	5.0
1969	0	1	8.574665738376199
1970	0	-1	9.199162060782609
1971	0	-1	4.9999999999999964
1972	0	1	4.999999999999989
1973	0	1	5.915266647683359
1974	0	-1	8.618286299499202
1975	0	1	7.000000000000003
1976	0	-1	6.999999999999991
1977	0	0	4.9999999999999964
1978	0	-1	5.915266647683359
1979	0	1	6.999999999999992
1980	0	-1	9.21099447068678
1981	0	1	9.2193668162957
1982	0	-1	6.999999999999993
1983	0	0	4.9999999999999964
1984	0	0	7.802260601517935
1985	0	1	9.216067787162297
1986	0	-1	6.999999999999993
1987	0	1	6.9999999999999885
1988	0	0	5.915266647683359
1989	0	-1	9.21614803586995
1990	0	-1	9.217680332397359
1991	0	-1	6.999999999999993
1992	0	0	7.793605436909781
1993	0	-1	5.93220206576751
1994	0	-1	4.999999999999996
1995	0	1	7.815295238364971
1996	0	1	4.999999999999993
1997	0	-1	8.550649792284702
1998	0	1	4.999999999999999
1999	0	1	4.999999999999994
2000	0	1	5.915266647683359
